57.500000
29.700000
29.700000
29.900000
30.900000
30.900000
30.100000
30.700000
31.200000
29.800000
29.600000
29.100000
29.300000
29.000000
29.400000
29.700000
30.300000
31.000000
30.300000
30.000000
29.400000
29.300000
28.900000
28.800000
29.200000
29.000000
28.900000
29.100000
30.300000
30.600000
30.300000
29.500000
28.600000
28.700000
28.700000
28.800000
29.200000
30.200000
30.200000
29.400000
30.000000
30.100000
29.100000
29.400000
28.900000
28.900000
29.000000
29.000000
28.900000
29.900000
30.100000
30.800000
30.300000
29.600000
29.400000
29.100000
29.200000
29.400000
29.200000
29.100000
29.700000
30.700000
30.100000
30.100000
29.400000
29.400000
29.100000
29.400000
29.000000
29.200000
29.600000
29.700000
30.300000
29.900000
30.200000
29.200000
29.300000
29.200000
29.000000
29.300000
29.200000
29.000000
29.700000
29.900000
30.500000
29.900000
30.200000
28.900000
29.100000
29.000000
28.800000
28.800000
28.500000
28.900000
29.800000
30.000000
30.300000
29.900000
29.200000
28.600000
28.500000
28.400000
28.400000
28.600000
29.500000
29.700000
29.300000
29.300000
28.700000
27.900000
27.500000
28.000000
27.900000
27.900000
27.600000
27.500000
28.400000
29.500000
29.000000
29.200000
28.300000
28.000000
27.800000
27.700000
27.800000
27.900000
27.900000
27.800000
28.100000
28.900000
28.900000
29.000000
28.200000
27.700000
28.100000
27.900000
27.500000
27.800000
28.500000
28.600000
29.100000
28.900000
29.100000
28.900000
28.000000
28.300000
28.100000
28.100000
28.200000
27.900000
27.900000
28.700000
29.500000
29.100000
29.900000
28.800000
28.500000
28.700000
27.900000
27.600000
27.800000
27.700000
28.100000
28.800000
29.400000
29.200000
29.500000
28.100000
27.800000
27.800000
27.800000
27.900000
27.900000
28.500000
28.600000
28.800000
28.200000
29.300000
28.500000
28.100000
28.100000
27.900000
27.700000
27.800000
27.900000
28.300000
29.500000
29.800000
28.700000
28.400000
27.900000
27.800000
27.800000
27.800000
28.000000
28.100000
27.700000
27.800000
28.900000
29.500000
29.000000
28.700000
28.200000
27.800000
27.400000
27.600000
27.900000
27.900000
28.800000
29.000000
29.800000
29.700000
29.300000
29.300000
29.100000
28.800000
28.600000
28.800000
29.000000
28.800000
30.200000
30.500000
30.100000
30.000000
29.400000
29.100000
28.600000
28.600000
29.200000
28.700000
28.700000
29.200000
29.600000
30.100000
29.800000
29.200000
28.700000
28.400000
28.500000
28.500000
28.500000
29.400000
29.400000
29.100000
28.500000
28.700000
28.300000
28.200000
28.000000
27.800000
27.700000
27.800000
27.900000
27.800000
29.900000
28.600000
29.200000
29.700000
28.300000
27.700000
27.900000
27.600000
27.900000
27.800000
27.800000
28.100000
28.700000
28.900000
29.400000
28.500000
28.400000
27.800000
27.300000
27.900000
27.800000
27.700000
28.400000
29.000000
28.400000
28.200000
28.900000
28.400000
28.100000
28.000000
27.700000
28.500000
28.600000
28.600000
29.800000
30.900000
29.900000
30.100000
29.100000
28.900000
29.100000
28.900000
28.800000
28.700000
28.900000
28.700000
29.900000
29.700000
30.800000
29.800000
29.300000
29.000000
28.300000
28.400000
28.600000
28.700000
29.300000
30.200000
29.300000
29.200000
29.600000
28.800000
28.700000
28.800000
29.100000
28.900000
28.800000
29.000000
30.700000
29.800000
29.900000
30.400000
28.900000
28.700000
28.800000
28.900000
29.000000
29.000000
28.800000
29.800000
29.400000
30.500000
30.100000
29.000000
29.000000
28.700000
28.800000
28.400000
28.600000
28.800000
29.800000
29.700000
29.800000
30.200000
29.600000
28.900000
29.100000
28.900000
28.700000
28.800000
29.000000
30.300000
30.100000
29.800000
29.800000
29.900000
29.100000
29.100000
29.000000
28.500000
28.500000
28.600000
28.500000
29.600000
29.700000
30.200000
29.200000
29.700000
29.000000
28.600000
28.800000
28.700000
29.100000
29.500000
30.000000
29.700000
28.900000
30.300000
29.600000
28.900000
28.900000
28.400000
28.800000
28.800000
29.500000
29.100000
28.900000
29.000000
28.000000
28.400000
27.700000
27.900000
28.200000
27.900000
28.300000
27.500000
27.500000
28.300000
28.700000
28.800000
28.700000
28.400000
28.000000
27.900000
28.400000
28.400000
28.500000
29.200000
30.200000
29.900000
29.200000
29.800000
29.200000
28.900000
29.300000
29.000000
28.900000
28.800000
28.900000
29.500000
29.200000
30.300000
29.600000
29.800000
29.000000
28.600000
27.500000
27.400000
27.500000
28.400000
28.100000
28.500000
28.400000
28.400000
28.500000
28.000000
28.300000
28.400000
27.900000
27.800000
27.900000
28.400000
29.200000
29.300000
28.800000
29.400000
30.900000
29.700000
29.400000
28.700000
29.100000
29.700000
29.500000
30.800000
30.200000
29.900000
29.400000
29.900000
28.000000
28.200000
28.200000
27.500000
27.600000
27.400000
27.500000
28.500000
28.900000
28.900000
28.900000
28.100000
27.700000
27.600000
27.400000
28.100000
28.300000
28.100000
28.700000
28.200000
28.900000
28.700000
29.300000
28.800000
28.500000
28.200000
27.900000
28.000000
28.100000
29.100000
30.200000
29.200000
29.800000
29.500000
29.200000
28.700000
29.100000
28.600000
29.100000
28.800000
29.700000
30.400000
30.600000
30.400000
30.700000
29.800000
29.800000
29.300000
29.300000
28.700000
28.600000
29.200000
29.600000
30.100000
29.600000
29.400000
29.500000
29.000000
29.000000
28.700000
29.300000
28.700000
29.500000
29.500000
29.500000
29.600000
29.900000
29.900000
28.900000
28.400000
27.700000
27.500000
28.000000
28.200000
28.900000
31.300000
30.500000
30.400000
29.800000
29.300000
29.800000
29.800000
29.600000
29.400000
29.200000
30.300000
30.500000
30.500000
30.200000
31.100000
30.400000
29.800000
29.700000
30.200000
29.600000
30.900000
31.000000
30.300000
30.300000
29.800000
30.100000
29.300000
29.600000
29.800000
29.400000
29.400000
29.200000
29.700000
30.500000
30.300000
31.100000
30.200000
29.700000
29.200000
29.200000
29.100000
29.600000
29.500000
30.300000
30.400000
29.900000
29.800000
30.100000
30.100000
29.900000
29.800000
29.000000
29.100000
29.600000
29.800000
29.800000
29.800000
30.100000
29.600000
29.100000
28.900000
29.100000
29.200000
28.700000
29.100000
29.300000
30.100000
29.600000
30.200000
29.800000
29.400000
29.000000
28.900000
28.700000
28.600000
29.100000
29.000000
29.800000
29.800000
29.200000
30.100000
29.000000
29.200000
29.200000
29.200000
29.200000
29.700000
29.300000
29.800000
29.200000
30.200000
29.800000
30.300000
29.400000
29.300000
28.900000
28.700000
28.700000
29.100000
29.300000
30.200000
29.700000
30.000000
29.500000
29.100000
29.000000
28.900000
29.100000
28.500000
29.100000
29.900000
29.700000
29.800000
29.900000
30.300000
29.000000
29.400000
28.900000
28.800000
28.800000
29.600000
30.100000
29.500000
29.500000
30.000000
29.900000
29.400000
28.800000
29.300000
29.200000
29.800000
28.800000
29.300000
29.900000
30.600000
30.600000
29.900000
29.500000
29.200000
28.800000
29.100000
29.000000
29.100000
29.800000
30.100000
30.000000
29.900000
29.800000
29.300000
29.500000
29.800000
29.300000
29.200000
29.400000
29.700000
29.800000
29.800000
30.700000
30.100000
29.300000
29.400000
29.200000
29.000000
29.200000
29.300000
29.200000
29.800000
30.000000
30.000000
30.300000
29.300000
29.400000
29.100000
29.100000
29.400000
29.400000
29.500000
30.000000
30.500000
30.200000
30.200000
29.100000
29.200000
29.600000
29.400000
29.200000
30.300000
30.000000
30.500000
29.600000
30.000000
30.200000
30.100000
29.600000
29.300000
29.300000
29.000000
29.000000
29.000000
29.400000
30.600000
29.900000
30.200000
29.600000
28.900000
28.900000
28.400000
28.900000
28.900000
29.000000
29.700000
30.000000
29.300000
29.600000
29.100000
29.400000
28.800000
28.600000
28.700000
28.500000
29.100000
29.500000
29.400000
29.200000
30.100000
30.100000
28.600000
28.400000
28.600000
28.400000
28.500000
28.400000
28.500000
29.100000
29.400000
30.500000
29.400000
29.000000
28.600000
28.300000
28.300000
28.200000
28.500000
28.900000
29.300000
29.600000
29.100000
29.700000
28.700000
28.900000
28.600000
28.800000
28.300000
28.400000
28.700000
28.900000
29.000000
29.100000
29.600000
29.300000
28.800000
28.400000
28.200000
28.100000
28.200000
28.200000
28.100000
29.500000
29.400000
29.200000
29.400000
28.500000
28.700000
28.200000
28.600000
28.500000
28.600000
27.900000
28.800000
29.000000
29.200000
29.300000
28.600000
28.400000
28.000000
27.900000
27.800000
28.000000
28.800000
29.200000
29.200000
28.200000
29.400000
28.800000
28.900000
28.700000
28.000000
28.100000
28.200000
27.900000
27.800000
28.600000
29.400000
29.200000
29.100000
28.800000
28.000000
28.200000
27.500000
27.900000
28.000000
28.300000
28.200000
29.000000
28.700000
28.400000
28.400000
28.400000
28.200000
28.200000
27.900000
27.800000
28.500000
28.300000
29.000000
28.600000
29.200000
28.500000
29.600000
29.100000
28.500000
28.200000
28.500000
28.500000
28.600000
28.900000
29.800000
30.800000
30.300000
30.600000
30.600000
30.300000
30.200000
31.200000
31.000000
30.800000
31.600000
32.000000
31.400000
32.200000
30.700000
30.300000
30.100000
29.600000
29.800000
28.600000
29.100000
29.600000
29.100000
29.400000
29.900000
29.400000
28.600000
28.400000
28.400000
28.300000
28.100000
27.900000
28.400000
29.300000
29.600000
29.400000
29.400000
28.000000
28.300000
27.700000
27.800000
28.400000
27.900000
28.200000
29.200000
28.800000
28.900000
29.000000
28.500000
28.700000
28.800000
28.500000
28.500000
28.900000
29.200000
29.900000
29.500000
29.900000
30.600000
30.500000
31.000000
30.400000
30.400000
30.100000
30.100000
30.200000
30.300000
31.300000
30.400000
31.300000
30.200000
30.000000
29.400000
28.900000
29.300000
29.500000
28.700000
29.200000
29.600000
28.800000
29.000000
28.900000
28.100000
28.400000
28.200000
28.500000
28.200000
28.400000
28.100000
29.000000
28.900000
29.300000
29.300000
29.400000
28.800000
28.400000
28.700000
28.600000
28.800000
28.800000
29.500000
30.400000
29.400000
30.000000
29.400000
29.700000
29.000000
28.700000
28.700000
28.500000
28.700000
29.500000
31.000000
30.000000
29.600000
29.600000
28.800000
29.000000
29.000000
29.700000
29.900000
29.600000
30.800000
30.200000
30.400000
31.100000
30.000000
29.300000
29.100000
28.800000
28.600000
28.300000
28.700000
29.200000
30.300000
29.700000
30.100000
29.300000
27.900000
28.200000
28.200000
28.100000
28.600000
27.900000
27.900000
29.000000
28.300000
29.800000
28.600000
28.300000
28.400000
28.000000
27.800000
27.700000
27.900000
30.000000
30.100000
29.900000
29.700000
29.300000
29.400000
29.000000
29.100000
29.100000
29.500000
28.600000
28.600000
28.900000
29.600000
29.800000
30.100000
29.400000
29.400000
28.800000
28.300000
28.300000
28.800000
28.900000
29.000000
31.000000
29.600000
30.200000
29.000000
28.800000
29.100000
29.000000
29.200000
28.800000
29.000000
29.200000
29.700000
29.600000
30.200000
29.800000
29.600000
28.900000
28.800000
28.600000
28.600000
28.700000
29.500000
29.500000
29.300000
29.500000
30.400000
29.500000
29.600000
29.300000
29.800000
29.200000
28.500000
28.700000
29.300000
30.900000
29.900000
29.600000
29.100000
28.500000
28.400000
28.400000
28.800000
28.800000
29.800000
30.200000
29.200000
29.100000
29.500000
29.800000
29.400000
28.900000
28.900000
28.500000
28.300000
28.300000
29.300000
29.300000
30.000000
29.200000
28.500000
27.600000
27.800000
27.400000
27.800000
27.900000
28.400000
28.300000
28.500000
29.200000
28.500000
29.600000
29.400000
28.900000
29.300000
28.600000
28.600000
28.600000
29.400000
30.100000
29.800000
29.800000
30.500000
29.900000
29.000000
29.000000
29.400000
29.000000
29.000000
28.700000
29.400000
29.000000
29.300000
30.000000
29.300000
29.200000
29.000000
28.800000
28.400000
28.300000
29.100000
29.100000
30.100000
29.600000
