310.400000
144.300000
143.600000
137.400000
139.800000
138.800000
139.200000
138.000000
140.100000
137.700000
138.600000
140.600000
138.100000
138.900000
139.100000
137.500000
139.100000
136.900000
139.000000
141.100000
137.300000
138.800000
140.100000
137.600000
137.800000
137.800000
138.400000
138.600000
138.700000
138.900000
139.200000
138.600000
136.800000
140.100000
137.300000
137.500000
138.200000
137.500000
139.500000
138.300000
138.200000
140.100000
137.800000
136.700000
141.700000
138.200000
137.400000
139.000000
137.800000
139.200000
141.100000
139.800000
138.800000
138.300000
139.200000
141.100000
138.700000
138.100000
138.200000
138.200000
139.800000
138.300000
138.900000
137.800000
140.600000
138.400000
139.300000
139.200000
138.100000
138.200000
137.900000
138.800000
139.100000
138.200000
138.100000
139.100000
138.200000
139.400000
138.100000
138.000000
138.800000
137.400000
138.400000
139.700000
137.000000
138.000000
139.500000
138.500000
139.000000
138.400000
137.900000
138.600000
138.400000
139.500000
138.200000
137.200000
138.600000
139.100000
138.500000
138.700000
138.700000
137.400000
137.500000
139.000000
138.600000
137.300000
136.700000
138.700000
137.700000
135.900000
136.400000
136.700000
137.000000
137.000000
136.200000
138.700000
135.900000
136.300000
136.600000
137.800000
137.900000
136.000000
137.000000
136.200000
137.800000
135.700000
138.400000
136.800000
135.600000
138.200000
138.300000
136.300000
136.600000
137.000000
137.400000
137.400000
136.200000
139.100000
137.000000
136.800000
137.300000
139.000000
135.900000
137.400000
137.400000
136.300000
138.200000
137.000000
137.500000
138.400000
136.800000
138.500000
138.800000
136.500000
138.000000
137.700000
137.100000
137.600000
136.400000
137.000000
137.300000
136.900000
138.900000
137.800000
135.800000
137.600000
137.400000
135.900000
138.600000
136.900000
135.500000
136.700000
137.200000
138.000000
137.400000
137.100000
137.800000
136.300000
137.800000
138.600000
136.500000
137.500000
137.300000
137.400000
137.500000
137.600000
136.100000
137.200000
137.400000
137.300000
137.500000
136.800000
137.400000
137.300000
136.500000
138.700000
137.600000
136.300000
137.300000
137.100000
137.700000
136.700000
137.300000
136.600000
137.500000
136.800000
136.600000
140.100000
137.200000
136.800000
139.000000
137.900000
138.300000
138.000000
138.400000
137.800000
137.900000
137.400000
139.000000
136.800000
137.200000
138.100000
138.900000
137.200000
137.800000
137.900000
138.000000
137.200000
137.600000
139.500000
137.000000
137.000000
137.200000
137.300000
138.000000
137.400000
138.600000
139.100000
136.800000
138.600000
138.700000
137.600000
137.500000
137.400000
136.500000
137.800000
136.200000
137.000000
138.500000
136.600000
137.700000
137.900000
135.800000
136.900000
136.400000
137.400000
136.300000
136.900000
138.000000
136.100000
136.100000
136.400000
137.600000
137.600000
136.500000
137.600000
137.300000
135.900000
136.200000
137.600000
138.300000
136.000000
137.500000
137.200000
137.600000
137.100000
136.100000
137.700000
137.400000
136.600000
138.100000
136.700000
137.000000
137.500000
136.300000
137.400000
137.400000
138.000000
139.700000
137.000000
137.700000
138.700000
138.100000
138.000000
140.300000
137.700000
137.800000
139.200000
137.200000
139.900000
137.800000
137.100000
139.800000
137.300000
138.600000
139.100000
138.300000
136.700000
138.700000
137.200000
139.100000
138.800000
136.700000
139.300000
137.600000
137.100000
139.400000
137.900000
137.200000
138.500000
136.800000
137.500000
138.600000
137.600000
138.300000
137.800000
137.200000
139.700000
137.900000
136.200000
139.000000
137.400000
138.100000
140.200000
136.900000
140.700000
137.700000
138.200000
138.400000
136.400000
138.600000
139.400000
136.700000
139.200000
138.700000
138.700000
139.300000
139.600000
138.200000
138.300000
138.500000
137.000000
137.400000
137.700000
138.900000
137.500000
137.600000
138.800000
138.200000
139.300000
138.200000
138.600000
136.900000
137.800000
137.500000
138.200000
138.200000
137.500000
137.800000
139.500000
136.900000
138.700000
138.500000
136.300000
139.500000
137.500000
138.200000
137.500000
137.700000
137.700000
138.000000
137.300000
138.100000
139.100000
136.200000
140.000000
139.100000
136.600000
139.700000
137.400000
137.200000
138.200000
136.100000
136.200000
138.400000
136.300000
138.600000
137.000000
135.500000
138.800000
137.800000
135.000000
137.800000
136.400000
137.000000
138.300000
135.700000
140.000000
138.400000
136.100000
138.900000
137.700000
137.600000
141.200000
137.400000
137.400000
138.400000
138.400000
139.000000
138.600000
136.500000
138.100000
138.300000
135.900000
138.900000
138.300000
136.200000
139.800000
137.100000
136.500000
137.500000
135.400000
136.300000
137.900000
135.800000
138.000000
138.900000
136.200000
137.700000
136.600000
136.800000
139.000000
136.000000
137.100000
138.400000
136.700000
139.600000
137.000000
136.900000
139.300000
138.000000
138.100000
138.400000
137.900000
138.600000
139.500000
137.300000
139.800000
140.100000
136.300000
139.800000
139.600000
135.500000
138.700000
136.400000
136.900000
138.900000
135.900000
137.100000
137.300000
135.700000
138.100000
137.400000
136.900000
136.400000
137.200000
136.100000
138.600000
136.400000
137.900000
137.900000
136.000000
138.000000
139.600000
135.900000
138.300000
137.000000
137.100000
138.200000
137.200000
139.700000
137.600000
137.200000
137.000000
139.800000
136.700000
138.000000
138.000000
137.800000
138.600000
137.300000
138.000000
140.300000
138.500000
140.100000
139.000000
137.800000
138.700000
139.500000
138.100000
138.000000
139.900000
137.700000
139.700000
137.900000
138.200000
139.000000
138.200000
137.800000
139.400000
137.900000
139.800000
137.800000
137.800000
139.200000
138.200000
138.300000
138.200000
138.000000
137.100000
139.600000
136.900000
138.200000
138.000000
136.200000
137.900000
137.400000
138.600000
140.800000
138.000000
138.100000
141.200000
139.100000
139.000000
139.100000
138.400000
138.800000
140.100000
138.200000
138.800000
139.600000
137.600000
141.500000
139.900000
139.500000
139.600000
138.800000
138.700000
142.100000
138.600000
136.600000
139.800000
138.500000
136.700000
141.000000
138.300000
138.300000
140.800000
137.500000
139.600000
139.400000
137.700000
139.300000
139.500000
137.100000
140.100000
139.300000
137.600000
140.300000
138.400000
136.600000
142.400000
139.000000
138.400000
140.800000
137.200000
139.600000
139.000000
138.400000
138.500000
139.500000
137.000000
140.400000
138.100000
137.400000
140.000000
137.200000
138.000000
139.500000
138.000000
137.800000
139.100000
138.000000
138.500000
138.200000
137.500000
138.800000
138.500000
137.100000
138.300000
138.200000
137.700000
141.200000
137.600000
137.200000
139.300000
137.300000
138.900000
139.000000
137.800000
138.700000
138.100000
137.900000
140.400000
138.600000
137.300000
140.200000
138.000000
138.500000
140.700000
138.200000
138.700000
138.000000
137.600000
138.300000
138.400000
137.800000
138.500000
138.700000
137.900000
140.000000
139.700000
138.400000
138.200000
137.600000
139.100000
138.500000
137.700000
140.100000
138.100000
138.600000
139.900000
137.700000
137.600000
138.400000
138.400000
137.200000
139.300000
138.500000
137.700000
139.600000
137.200000
138.900000
138.500000
137.100000
139.700000
137.200000
137.700000
139.800000
137.800000
139.600000
140.300000
137.900000
136.800000
141.000000
136.600000
139.600000
139.900000
138.900000
140.600000
138.400000
137.300000
139.800000
137.300000
138.000000
140.900000
137.200000
138.400000
139.600000
138.700000
137.800000
138.100000
138.400000
140.800000
137.600000
137.500000
140.600000
137.600000
138.200000
141.300000
137.800000
137.400000
140.000000
138.000000
138.000000
140.300000
138.900000
137.200000
139.300000
137.100000
139.200000
137.200000
137.500000
140.000000
137.900000
139.500000
139.400000
138.300000
137.500000
139.500000
139.100000
139.900000
139.100000
138.000000
138.500000
138.000000
138.800000
139.700000
137.300000
138.300000
139.800000
138.300000
138.400000
140.900000
138.200000
137.500000
139.000000
137.700000
137.900000
139.200000
138.000000
140.500000
138.200000
137.600000
139.800000
137.600000
138.400000
137.500000
138.300000
139.300000
137.800000
137.500000
137.800000
138.100000
137.000000
139.000000
138.500000
137.100000
137.900000
137.800000
137.300000
138.800000
137.900000
138.400000
138.500000
137.400000
136.700000
138.100000
138.500000
137.500000
139.100000
137.600000
137.300000
138.300000
138.800000
138.100000
137.200000
138.700000
137.800000
138.100000
139.900000
136.300000
137.600000
138.100000
136.300000
139.800000
136.800000
136.700000
138.700000
138.200000
136.400000
138.900000
137.300000
136.600000
138.700000
136.200000
137.500000
137.800000
136.100000
138.700000
138.100000
136.800000
137.500000
136.500000
136.900000
138.400000
137.200000
138.100000
137.700000
137.800000
136.500000
139.500000
136.900000
137.700000
138.400000
136.300000
139.900000
136.200000
137.000000
137.900000
136.900000
138.200000
137.900000
137.900000
137.100000
137.000000
137.300000
137.800000
137.700000
137.000000
138.000000
137.100000
137.100000
138.200000
137.800000
137.500000
136.300000
137.800000
139.800000
136.700000
137.000000
137.000000
136.600000
138.800000
137.900000
138.600000
136.900000
136.000000
137.000000
138.400000
137.200000
137.100000
137.500000
136.400000
136.300000
139.400000
136.800000
136.700000
138.200000
137.400000
138.200000
137.800000
135.800000
136.400000
138.700000
136.700000
140.500000
139.100000
136.100000
140.100000
137.300000
138.300000
140.400000
138.700000
139.300000
138.600000
139.900000
138.000000
139.300000
139.100000
142.000000
141.900000
138.700000
141.100000
139.100000
138.700000
142.000000
140.400000
138.500000
139.900000
138.900000
139.000000
138.600000
137.400000
138.300000
137.400000
136.700000
140.100000
138.500000
137.100000
138.900000
136.300000
137.300000
137.100000
136.000000
138.800000
136.800000
137.500000
139.500000
137.500000
138.000000
138.300000
137.600000
136.600000
137.800000
138.200000
137.600000
137.200000
136.000000
139.700000
137.600000
137.700000
139.100000
137.400000
137.400000
138.300000
137.500000
138.700000
138.500000
137.300000
139.800000
139.900000
137.700000
140.300000
139.800000
138.600000
140.000000
139.100000
140.600000
140.100000
138.500000
141.300000
138.600000
138.300000
138.100000
139.100000
137.500000
138.200000
139.400000
135.700000
138.000000
138.200000
138.200000
138.500000
137.600000
137.900000
137.500000
136.400000
138.300000
137.600000
136.700000
138.100000
137.000000
138.800000
138.400000
137.800000
138.100000
139.600000
137.000000
138.700000
138.400000
137.700000
139.100000
138.700000
138.400000
138.800000
138.400000
137.900000
137.400000
138.700000
140.000000
137.800000
136.900000
138.600000
138.900000
137.400000
138.400000
138.900000
137.500000
138.400000
138.000000
139.900000
138.500000
138.100000
139.900000
138.800000
139.100000
140.100000
137.700000
138.400000
139.300000
138.100000
138.500000
138.400000
136.800000
138.500000
138.500000
138.600000
139.300000
137.000000
137.700000
138.900000
138.200000
136.900000
138.600000
136.600000
138.100000
138.300000
138.200000
137.200000
137.000000
136.800000
139.400000
137.900000
136.700000
138.400000
136.300000
136.700000
139.000000
137.500000
138.600000
137.600000
137.900000
138.500000
138.700000
138.000000
137.900000
137.400000
137.600000
139.100000
138.000000
137.700000
138.100000
138.100000
137.800000
138.300000
138.000000
138.300000
137.200000
138.700000
139.100000
137.800000
139.300000
138.400000
138.600000
138.200000
138.800000
137.200000
138.600000
137.800000
137.100000
141.100000
137.200000
138.500000
139.900000
138.100000
138.200000
138.500000
137.300000
138.500000
137.900000
137.100000
139.100000
137.600000
138.100000
137.900000
139.400000
138.000000
138.600000
137.600000
138.300000
140.200000
137.200000
140.800000
138.700000
137.800000
137.600000
139.300000
137.700000
140.300000
137.900000
136.200000
139.400000
137.100000
138.500000
138.700000
137.000000
138.200000
137.500000
136.700000
138.800000
138.300000
137.600000
137.900000
138.900000
138.700000
137.600000
137.300000
137.300000
138.600000
136.600000
137.700000
138.600000
136.900000
138.000000
138.200000
136.500000
138.800000
136.600000
136.000000
137.900000
136.100000
138.900000
139.700000
137.300000
138.400000
140.200000
137.000000
138.200000
138.800000
137.300000
138.900000
137.600000
138.700000
138.900000
137.600000
139.300000
138.700000
138.700000
138.300000
136.600000
138.300000
139.800000
137.700000
137.400000
140.300000
138.900000
138.400000
139.300000
139.600000
138.100000
138.100000
138.100000
140.500000
138.100000
