146.600000
59.700000
58.400000
59.000000
58.800000
58.800000
56.500000
55.900000
56.200000
56.400000
56.100000
56.200000
57.400000
57.000000
57.100000
57.100000
56.300000
56.600000
56.300000
56.200000
56.000000
56.100000
56.000000
55.900000
56.000000
56.000000
56.100000
55.900000
56.000000
56.000000
56.200000
56.300000
56.200000
56.500000
56.500000
56.400000
56.100000
56.200000
55.800000
56.100000
56.200000
56.700000
56.400000
56.000000
56.200000
55.900000
56.200000
56.200000
56.100000
56.300000
56.500000
56.400000
56.300000
57.000000
56.600000
56.600000
56.300000
56.200000
56.400000
56.400000
56.100000
56.000000
56.200000
56.100000
56.200000
56.700000
57.500000
56.900000
56.900000
56.300000
57.200000
56.200000
56.500000
56.200000
56.100000
56.200000
56.500000
56.700000
55.900000
56.200000
56.000000
56.100000
56.200000
56.000000
56.100000
56.000000
56.200000
56.100000
56.100000
56.000000
55.800000
56.000000
55.700000
55.700000
56.000000
56.000000
55.800000
55.800000
56.000000
56.000000
55.800000
56.000000
55.900000
56.100000
55.600000
55.800000
56.500000
56.300000
54.800000
54.700000
54.900000
54.500000
54.700000
54.600000
54.700000
54.500000
54.400000
54.900000
55.000000
54.800000
54.700000
55.100000
54.600000
55.000000
55.400000
55.500000
55.200000
54.600000
54.700000
55.000000
54.700000
54.700000
54.700000
54.900000
54.800000
54.800000
55.100000
55.100000
55.200000
55.700000
55.100000
55.200000
55.700000
55.800000
54.900000
54.800000
54.900000
54.700000
55.200000
54.600000
54.500000
54.800000
54.900000
55.000000
55.000000
55.700000
55.900000
55.100000
54.900000
55.400000
55.200000
55.200000
55.500000
54.800000
54.800000
55.000000
55.200000
55.000000
54.600000
54.600000
54.600000
55.100000
55.200000
55.200000
55.900000
55.100000
54.700000
54.700000
55.400000
54.900000
54.700000
54.900000
55.000000
54.900000
54.700000
54.800000
54.700000
54.700000
54.600000
54.800000
55.200000
55.600000
55.400000
55.700000
55.100000
54.900000
55.000000
55.000000
54.800000
54.600000
54.700000
55.000000
54.800000
54.600000
54.800000
54.800000
54.600000
54.800000
55.200000
56.600000
56.100000
56.400000
55.800000
56.000000
56.100000
56.300000
56.100000
55.600000
55.600000
55.800000
55.800000
55.700000
55.600000
55.700000
55.600000
55.900000
55.900000
56.900000
56.800000
56.000000
56.000000
57.000000
56.100000
55.800000
55.700000
55.700000
55.600000
55.800000
56.300000
55.400000
55.600000
55.400000
55.900000
54.800000
54.700000
55.100000
55.400000
55.300000
55.000000
55.100000
54.900000
54.800000
54.600000
54.800000
54.900000
55.000000
54.500000
55.000000
54.600000
54.700000
54.800000
54.900000
55.100000
55.000000
55.200000
55.300000
55.200000
54.900000
55.000000
55.100000
54.800000
54.700000
54.700000
54.800000
54.500000
54.500000
54.800000
54.600000
54.700000
54.800000
55.300000
55.400000
55.400000
55.800000
54.900000
55.900000
56.200000
55.800000
55.700000
55.900000
55.900000
56.000000
55.700000
55.700000
55.900000
55.900000
55.800000
55.800000
56.200000
56.300000
56.700000
56.200000
56.300000
56.200000
55.900000
55.900000
55.900000
55.900000
56.000000
55.800000
55.900000
56.000000
55.700000
55.800000
55.800000
55.900000
56.000000
56.300000
56.600000
56.200000
55.900000
55.900000
56.400000
55.700000
55.700000
55.900000
56.400000
56.000000
56.000000
55.800000
55.800000
55.700000
55.700000
56.400000
56.600000
55.800000
56.100000
56.300000
56.700000
55.800000
56.300000
55.800000
55.800000
56.100000
55.900000
55.800000
55.800000
55.800000
55.900000
56.000000
55.900000
56.400000
56.600000
55.900000
56.900000
55.700000
55.900000
56.300000
56.400000
55.700000
55.700000
55.700000
55.700000
55.900000
56.000000
55.700000
55.900000
55.800000
55.800000
56.700000
55.900000
56.400000
56.100000
56.100000
56.200000
56.500000
56.200000
55.700000
55.700000
55.900000
56.100000
55.900000
55.600000
55.600000
55.800000
55.900000
55.800000
55.800000
55.600000
55.300000
55.300000
55.300000
54.900000
54.900000
54.900000
54.900000
55.100000
55.100000
54.700000
54.900000
54.900000
54.800000
54.600000
55.000000
54.800000
55.100000
54.900000
55.400000
56.600000
56.000000
55.900000
56.000000
55.700000
55.900000
55.800000
55.800000
55.800000
55.600000
55.800000
55.500000
55.800000
55.700000
56.500000
55.800000
55.900000
56.200000
55.900000
55.700000
55.600000
55.000000
54.400000
54.800000
54.900000
54.700000
54.800000
54.500000
54.700000
54.800000
54.800000
54.900000
54.900000
54.900000
55.200000
55.100000
55.600000
55.300000
55.200000
55.600000
55.500000
55.700000
56.300000
56.900000
56.200000
56.000000
56.300000
56.000000
56.400000
56.000000
56.100000
56.500000
56.600000
57.100000
55.200000
54.600000
55.600000
55.500000
54.700000
54.700000
55.100000
54.800000
54.300000
54.500000
54.500000
54.800000
54.600000
55.100000
54.700000
54.700000
55.300000
55.500000
55.200000
54.800000
55.200000
55.300000
55.000000
54.900000
55.100000
55.500000
54.900000
55.000000
54.800000
55.300000
55.300000
55.600000
55.700000
55.900000
56.200000
56.100000
56.500000
55.700000
55.800000
55.900000
56.600000
56.700000
56.500000
56.200000
56.200000
55.900000
56.300000
56.300000
56.200000
55.700000
56.200000
56.400000
56.300000
57.000000
56.100000
55.600000
56.200000
56.000000
55.800000
55.800000
56.300000
55.600000
55.700000
55.600000
55.800000
55.800000
56.300000
55.700000
55.900000
55.800000
55.500000
55.400000
55.200000
55.900000
55.700000
56.200000
56.400000
56.700000
56.400000
56.300000
56.300000
56.400000
56.500000
56.300000
56.500000
56.500000
56.700000
57.500000
58.500000
57.800000
57.100000
57.200000
57.200000
57.800000
57.000000
57.200000
57.100000
56.100000
56.400000
56.300000
56.300000
56.600000
56.300000
56.800000
56.800000
57.400000
57.000000
56.500000
56.300000
56.700000
56.600000
56.800000
56.700000
56.100000
56.200000
56.200000
56.400000
56.500000
56.900000
56.300000
56.300000
56.600000
56.800000
56.900000
57.400000
56.400000
56.100000
56.400000
56.800000
56.200000
56.600000
55.900000
56.000000
55.900000
55.700000
56.000000
56.300000
55.900000
56.100000
56.400000
56.600000
56.700000
56.100000
55.900000
56.300000
56.100000
56.100000
55.900000
56.000000
55.500000
55.800000
56.100000
56.300000
56.100000
55.800000
56.000000
56.100000
56.600000
56.500000
56.400000
56.000000
56.100000
56.100000
56.000000
56.100000
56.400000
56.100000
55.800000
55.600000
56.100000
56.800000
56.900000
56.700000
56.900000
57.200000
57.500000
56.900000
57.500000
56.800000
55.800000
56.100000
56.200000
56.200000
56.100000
55.800000
56.000000
55.900000
56.100000
56.100000
56.000000
55.800000
55.900000
55.900000
56.300000
56.500000
56.700000
56.000000
56.300000
56.000000
56.900000
56.000000
55.700000
55.800000
56.000000
56.200000
56.000000
57.100000
56.800000
57.000000
57.100000
57.600000
57.300000
56.600000
56.100000
56.100000
56.200000
55.900000
56.400000
56.200000
56.100000
55.900000
56.200000
56.200000
56.200000
55.900000
56.000000
56.400000
56.600000
57.100000
56.800000
57.400000
56.500000
56.800000
57.300000
58.100000
57.200000
57.100000
57.200000
57.000000
57.100000
57.400000
56.000000
56.100000
56.200000
56.200000
56.200000
57.000000
57.000000
56.700000
56.100000
56.200000
56.200000
56.300000
56.200000
56.200000
56.200000
56.200000
56.200000
56.200000
56.100000
56.300000
56.400000
57.000000
57.300000
56.400000
56.200000
56.300000
56.500000
56.100000
56.300000
56.200000
56.000000
56.200000
55.900000
56.500000
56.000000
56.000000
56.100000
56.100000
56.300000
56.000000
56.400000
56.700000
56.800000
55.800000
56.000000
55.800000
56.400000
55.900000
55.700000
55.700000
55.600000
55.600000
55.600000
55.500000
55.400000
55.400000
55.500000
55.600000
55.800000
56.100000
56.000000
55.700000
55.300000
55.400000
56.100000
55.100000
55.400000
55.400000
55.400000
55.500000
55.200000
55.200000
55.500000
55.800000
55.500000
55.600000
55.600000
55.500000
56.200000
55.600000
55.300000
55.500000
55.600000
55.200000
55.000000
55.200000
55.600000
55.200000
55.000000
55.100000
55.400000
55.200000
55.500000
55.700000
55.400000
55.200000
55.900000
55.400000
55.100000
55.400000
55.700000
55.100000
55.000000
54.900000
55.000000
55.300000
55.100000
55.200000
55.200000
55.400000
55.200000
55.200000
55.300000
55.300000
56.000000
55.500000
55.000000
54.800000
55.200000
54.900000
55.000000
54.900000
54.800000
55.000000
54.600000
54.900000
55.000000
55.200000
55.200000
55.200000
55.100000
54.900000
55.500000
54.800000
54.500000
54.900000
54.800000
54.700000
55.000000
54.700000
55.000000
54.700000
54.700000
54.600000
54.700000
55.200000
55.100000
55.700000
55.300000
55.200000
55.800000
54.700000
54.800000
55.000000
55.100000
54.900000
54.900000
55.000000
55.200000
54.800000
54.700000
55.000000
55.000000
55.700000
55.200000
55.400000
56.000000
55.800000
56.000000
56.100000
56.000000
56.200000
56.400000
56.400000
56.900000
57.100000
57.000000
58.000000
57.800000
57.500000
57.500000
57.600000
57.600000
57.900000
57.600000
57.700000
57.500000
56.400000
56.600000
55.500000
55.100000
55.200000
55.600000
55.600000
55.300000
55.200000
54.900000
55.400000
55.300000
54.900000
55.900000
56.100000
55.300000
56.100000
55.200000
55.000000
55.100000
55.500000
55.200000
55.100000
55.400000
55.200000
54.900000
54.900000
55.000000
55.300000
54.700000
55.100000
55.400000
56.000000
55.700000
55.700000
55.600000
55.400000
55.600000
56.000000
56.100000
56.300000
56.700000
56.300000
57.300000
57.300000
57.200000
57.400000
57.200000
57.400000
57.900000
57.500000
57.200000
57.100000
55.900000
56.400000
56.400000
56.300000
56.400000
56.400000
55.200000
55.200000
55.300000
55.000000
55.300000
55.800000
55.200000
55.100000
55.500000
55.000000
55.300000
55.800000
54.800000
54.900000
55.200000
55.000000
54.800000
55.900000
55.600000
55.900000
55.700000
55.600000
55.600000
55.800000
56.000000
56.400000
56.500000
56.100000
56.100000
56.000000
55.800000
55.800000
56.300000
56.100000
56.000000
56.000000
55.700000
55.800000
56.100000
56.000000
56.500000
56.000000
56.400000
56.500000
56.900000
56.100000
57.200000
56.600000
56.700000
56.600000
56.900000
56.300000
56.600000
56.300000
55.800000
55.600000
55.900000
55.900000
55.900000
55.500000
55.800000
56.400000
55.600000
55.400000
55.600000
55.000000
54.900000
54.900000
55.100000
54.900000
54.900000
54.700000
55.200000
54.900000
54.900000
55.100000
55.000000
54.800000
54.900000
56.200000
56.000000
56.300000
56.300000
55.900000
55.500000
56.000000
56.200000
56.100000
56.300000
55.800000
55.800000
56.000000
56.400000
56.000000
55.700000
56.000000
56.000000
56.400000
56.200000
56.200000
56.100000
56.200000
56.000000
56.500000
55.800000
56.100000
55.700000
55.800000
55.700000
56.100000
55.800000
55.800000
55.700000
55.800000
56.800000
56.300000
56.200000
56.600000
55.800000
55.700000
56.000000
56.100000
56.000000
55.800000
55.900000
55.900000
56.000000
56.300000
56.400000
55.800000
56.000000
56.600000
56.800000
56.600000
56.300000
56.000000
56.000000
55.700000
56.500000
56.400000
56.000000
55.700000
55.800000
55.700000
55.500000
55.700000
55.800000
55.800000
56.100000
55.900000
56.600000
55.700000
56.300000
55.800000
56.000000
55.900000
55.800000
56.100000
55.700000
55.700000
54.600000
55.000000
54.800000
55.000000
54.800000
55.100000
54.700000
55.200000
55.700000
55.000000
55.100000
55.200000
55.400000
55.200000
55.800000
56.400000
55.700000
55.600000
55.600000
55.600000
55.900000
55.900000
55.700000
55.800000
56.200000
56.400000
56.400000
56.100000
56.800000
56.700000
56.300000
55.700000
55.800000
56.100000
56.000000
55.500000
55.800000
56.100000
56.000000
55.600000
55.600000
55.800000
56.100000
56.200000
55.900000
55.100000
