362.100000
197.500000
193.000000
192.800000
192.700000
191.300000
188.200000
187.900000
189.200000
189.300000
190.700000
190.700000
191.600000
190.400000
189.400000
191.600000
188.500000
188.000000
189.300000
191.900000
191.400000
190.600000
187.800000
188.500000
190.600000
191.400000
188.900000
191.300000
190.100000
192.400000
192.500000
189.400000
190.800000
188.100000
188.900000
193.000000
191.600000
192.500000
187.400000
188.700000
190.000000
190.500000
192.200000
190.200000
187.100000
194.000000
190.200000
189.700000
189.300000
188.300000
191.700000
190.300000
190.200000
191.000000
187.400000
189.400000
189.200000
189.700000
190.900000
189.400000
186.900000
191.800000
189.900000
189.300000
188.000000
189.300000
191.000000
189.400000
187.500000
191.900000
189.500000
191.200000
190.300000
188.000000
189.800000
187.600000
190.300000
191.400000
190.100000
189.600000
188.700000
186.300000
190.800000
188.800000
190.600000
191.200000
188.100000
189.300000
191.000000
187.200000
187.000000
187.200000
190.900000
192.700000
189.900000
189.000000
186.000000
186.300000
188.700000
190.500000
191.800000
191.800000
188.300000
188.800000
187.800000
186.200000
187.100000
189.300000
190.200000
191.600000
186.600000
187.800000
184.200000
186.200000
186.600000
190.100000
188.300000
188.200000
186.000000
188.400000
188.200000
187.400000
185.300000
188.300000
189.800000
188.700000
186.300000
188.200000
188.200000
188.300000
186.900000
190.700000
187.500000
187.800000
188.900000
189.100000
188.000000
187.400000
185.700000
187.100000
188.000000
190.400000
191.100000
188.400000
186.000000
186.200000
186.900000
187.400000
188.900000
189.500000
191.000000
189.300000
186.200000
186.500000
184.300000
186.400000
190.900000
191.700000
189.600000
187.000000
184.300000
187.100000
186.100000
188.400000
192.200000
189.500000
187.800000
188.300000
185.100000
187.400000
186.700000
187.000000
190.900000
190.300000
187.100000
185.400000
184.400000
187.200000
190.300000
187.000000
189.800000
186.700000
186.000000
189.000000
187.300000
190.100000
189.500000
186.100000
187.300000
189.300000
188.900000
188.400000
186.500000
188.100000
188.000000
186.200000
187.700000
188.100000
189.800000
189.400000
188.200000
188.600000
183.900000
185.200000
188.100000
192.700000
189.500000
188.800000
185.500000
186.800000
190.100000
188.400000
189.900000
190.000000
190.300000
192.700000
189.000000
187.400000
186.100000
188.300000
192.500000
194.500000
191.700000
189.500000
187.300000
190.100000
186.300000
186.600000
188.200000
191.100000
190.600000
190.900000
189.200000
188.600000
185.700000
187.700000
190.900000
191.300000
193.900000
192.500000
188.500000
190.800000
192.000000
193.300000
194.900000
190.500000
188.500000
188.400000
188.500000
189.100000
192.600000
190.000000
190.400000
188.600000
187.500000
187.900000
194.100000
196.300000
194.700000
194.400000
193.100000
189.600000
186.800000
189.100000
190.600000
189.500000
188.000000
187.700000
186.800000
186.500000
188.400000
188.200000
189.700000
192.200000
188.700000
186.600000
184.700000
189.000000
188.700000
189.500000
191.200000
188.700000
187.100000
185.900000
187.200000
190.400000
190.200000
188.700000
190.600000
190.600000
188.300000
189.000000
187.700000
190.400000
193.400000
189.800000
190.900000
188.400000
185.600000
188.600000
191.700000
191.700000
190.500000
188.800000
189.300000
190.200000
185.800000
189.700000
189.700000
192.000000
191.700000
189.800000
190.100000
188.900000
186.400000
189.800000
190.900000
192.500000
188.800000
189.400000
190.800000
190.600000
188.900000
189.300000
188.800000
190.400000
188.800000
188.000000
190.600000
190.300000
190.600000
190.600000
190.300000
190.200000
186.500000
188.000000
190.400000
193.700000
189.900000
188.800000
188.900000
192.500000
189.300000
189.100000
191.600000
190.400000
190.400000
189.700000
187.900000
190.600000
187.900000
189.800000
191.100000
193.300000
191.000000
186.600000
188.200000
189.000000
190.600000
190.400000
188.900000
190.500000
188.300000
187.700000
190.200000
190.600000
189.900000
191.400000
189.700000
191.200000
190.500000
186.600000
189.000000
190.300000
191.000000
190.200000
187.900000
190.200000
187.400000
188.600000
191.000000
188.100000
188.600000
188.800000
190.400000
188.400000
189.200000
186.300000
187.400000
190.000000
188.600000
186.900000
185.700000
188.000000
189.100000
189.200000
188.500000
187.100000
186.700000
185.400000
189.700000
187.900000
189.400000
186.800000
186.000000
187.400000
186.800000
189.500000
190.100000
188.400000
190.800000
189.100000
187.800000
189.100000
188.400000
189.400000
190.100000
187.900000
189.100000
186.700000
187.400000
190.000000
190.400000
189.200000
187.500000
188.500000
192.500000
187.400000
188.100000
188.000000
187.900000
188.000000
189.200000
187.300000
188.900000
185.000000
186.700000
188.700000
189.000000
189.800000
185.900000
186.200000
190.200000
187.700000
188.000000
188.400000
190.100000
188.400000
188.100000
187.800000
189.800000
188.900000
189.600000
191.000000
189.300000
188.300000
189.200000
188.900000
190.300000
190.300000
189.100000
187.000000
189.200000
187.600000
186.900000
188.000000
188.100000
188.500000
187.900000
187.400000
188.800000
186.300000
185.300000
188.100000
187.100000
188.300000
188.100000
185.100000
187.200000
189.500000
187.800000
189.100000
187.400000
189.600000
186.300000
186.200000
188.900000
189.400000
188.400000
187.100000
188.200000
188.800000
188.500000
185.900000
187.400000
191.200000
189.000000
190.100000
188.500000
188.800000
187.500000
187.900000
190.500000
192.400000
189.700000
189.500000
189.100000
188.800000
188.600000
188.700000
190.200000
192.400000
188.900000
189.000000
186.800000
188.200000
190.800000
189.100000
190.900000
192.700000
189.000000
188.600000
191.100000
188.800000
189.700000
187.800000
189.700000
194.000000
190.300000
188.200000
188.500000
187.200000
187.400000
189.100000
189.100000
187.800000
188.600000
189.400000
190.900000
189.700000
191.300000
190.600000
190.200000
192.400000
191.500000
186.400000
188.600000
188.700000
192.800000
191.900000
191.700000
191.100000
191.000000
189.000000
189.100000
188.500000
192.100000
192.600000
193.000000
189.700000
190.300000
186.500000
187.400000
188.700000
193.200000
190.600000
187.600000
189.500000
190.500000
189.000000
188.900000
188.400000
190.400000
190.200000
191.400000
189.200000
189.400000
188.400000
188.100000
189.000000
191.300000
190.500000
187.800000
188.500000
189.800000
189.500000
189.000000
187.500000
189.700000
190.600000
188.800000
189.100000
191.400000
189.700000
190.000000
190.100000
190.900000
189.100000
187.000000
187.500000
190.100000
189.300000
188.300000
186.600000
190.000000
189.400000
186.900000
188.900000
190.000000
187.800000
189.400000
190.500000
189.800000
188.700000
185.000000
188.100000
191.600000
191.900000
188.600000
188.800000
190.000000
188.800000
187.200000
187.800000
190.200000
192.600000
189.500000
189.500000
189.100000
190.100000
186.100000
188.300000
191.500000
192.800000
189.500000
187.400000
192.000000
190.000000
188.900000
189.900000
194.600000
192.700000
191.400000
191.100000
188.300000
189.400000
186.700000
189.200000
193.500000
192.500000
190.700000
187.100000
189.600000
190.100000
189.900000
188.100000
189.500000
191.700000
189.600000
189.500000
188.500000
188.000000
189.200000
187.300000
191.100000
192.700000
189.300000
188.200000
187.300000
190.800000
189.800000
188.300000
190.400000
190.200000
189.800000
187.900000
187.800000
189.200000
188.800000
188.400000
189.600000
190.000000
188.600000
188.300000
188.400000
190.800000
188.400000
187.900000
190.200000
191.200000
191.000000
191.100000
188.600000
189.100000
189.100000
187.600000
189.300000
191.000000
189.700000
189.000000
189.200000
189.000000
188.900000
186.300000
190.100000
190.500000
192.300000
189.300000
187.300000
188.800000
189.300000
189.600000
190.200000
190.600000
189.300000
188.800000
187.000000
189.500000
189.700000
187.000000
189.700000
191.600000
190.000000
188.500000
186.400000
188.900000
189.200000
188.900000
191.100000
191.700000
188.000000
189.300000
186.300000
190.000000
188.200000
187.400000
190.100000
192.200000
191.300000
188.800000
187.300000
188.300000
190.600000
189.200000
188.700000
189.300000
189.500000
188.800000
188.200000
189.600000
188.600000
187.900000
188.000000
191.000000
189.600000
188.900000
186.800000
188.000000
190.500000
187.200000
188.000000
190.900000
190.600000
190.700000
189.300000
190.700000
188.700000
186.100000
189.500000
192.300000
190.100000
188.300000
186.800000
187.200000
188.200000
187.200000
186.600000
189.300000
189.300000
189.800000
188.100000
187.500000
187.400000
186.000000
186.100000
191.600000
190.700000
189.000000
187.000000
185.700000
187.300000
187.400000
187.800000
188.500000
189.300000
189.300000
187.900000
187.100000
188.300000
188.500000
188.400000
190.400000
189.500000
188.500000
187.900000
186.000000
187.500000
190.800000
187.300000
187.300000
189.700000
187.600000
187.600000
189.200000
187.800000
187.800000
186.500000
188.100000
189.900000
187.700000
189.100000
188.400000
187.700000
188.800000
186.100000
186.000000
189.200000
189.200000
189.200000
188.600000
186.000000
187.400000
186.000000
186.800000
192.500000
190.200000
188.700000
186.900000
188.500000
187.800000
188.100000
189.100000
193.900000
192.700000
188.900000
186.500000
184.200000
186.200000
188.700000
188.100000
191.700000
188.000000
187.000000
186.800000
185.800000
190.100000
188.000000
189.000000
189.700000
187.600000
188.500000
188.100000
186.600000
188.100000
189.800000
188.500000
188.500000
188.100000
187.800000
187.400000
188.700000
191.000000
191.200000
188.200000
190.200000
190.000000
189.900000
190.200000
189.800000
189.900000
192.700000
191.400000
194.000000
191.000000
189.400000
190.400000
190.200000
191.000000
190.700000
190.000000
191.000000
190.400000
187.000000
190.000000
188.100000
189.200000
188.500000
188.600000
190.600000
187.900000
186.500000
189.900000
187.000000
187.500000
187.000000
187.400000
188.900000
188.900000
186.700000
188.300000
187.000000
188.300000
187.500000
189.700000
188.700000
188.100000
186.800000
187.100000
189.000000
187.600000
186.400000
188.800000
188.800000
188.100000
189.000000
189.700000
189.100000
186.800000
189.400000
192.300000
189.100000
189.300000
190.900000
190.100000
190.400000
189.700000
191.400000
192.500000
191.100000
190.400000
190.000000
190.000000
189.800000
188.500000
190.200000
190.500000
189.300000
190.100000
191.600000
188.300000
188.400000
187.900000
188.500000
187.600000
190.400000
189.500000
188.500000
186.200000
186.200000
186.900000
187.900000
190.000000
187.200000
189.400000
188.000000
187.900000
187.200000
187.800000
189.500000
191.700000
188.600000
193.400000
190.100000
189.000000
186.400000
188.200000
190.700000
191.000000
188.800000
189.200000
189.400000
189.400000
186.500000
188.600000
191.800000
190.000000
188.700000
191.300000
189.400000
188.400000
188.000000
190.600000
191.100000
189.600000
189.700000
189.100000
188.400000
190.100000
188.900000
189.600000
188.600000
188.700000
192.000000
187.400000
188.300000
190.800000
190.100000
189.700000
189.600000
191.200000
189.000000
187.100000
188.100000
189.000000
188.700000
187.300000
186.000000
187.900000
189.200000
187.400000
189.300000
188.600000
188.400000
185.500000
187.000000
190.200000
190.200000
187.400000
189.700000
189.700000
187.500000
186.000000
189.300000
189.800000
192.100000
188.400000
190.400000
187.700000
188.800000
187.200000
189.000000
190.700000
193.100000
188.500000
190.500000
189.700000
189.100000
186.500000
189.700000
189.600000
192.700000
189.500000
189.000000
188.300000
187.500000
188.400000
190.000000
190.500000
191.600000
187.500000
189.400000
187.100000
189.700000
187.900000
191.400000
191.400000
192.200000
188.900000
187.500000
187.200000
189.000000
189.300000
190.000000
191.400000
189.100000
188.800000
189.000000
189.000000
189.200000
189.800000
193.000000
192.200000
190.700000
189.400000
187.700000
188.000000
189.900000
189.000000
189.600000
188.400000
189.800000
188.600000
189.000000
188.700000
189.800000
187.500000
187.500000
190.300000
192.100000
189.300000
187.400000
186.900000
188.600000
187.400000
190.500000
191.700000
189.600000
187.300000
188.100000
186.700000
185.800000
186.800000
188.400000
190.200000
188.900000
188.400000
188.300000
185.600000
188.600000
187.600000
188.300000
190.700000
188.400000
188.600000
188.300000
188.000000
189.500000
188.500000
189.700000
191.100000
188.600000
189.300000
186.900000
188.900000
190.800000
190.200000
190.500000
188.500000
186.800000
189.700000
189.300000
189.400000
188.900000
189.400000
187.500000
187.400000
190.200000
189.400000
187.800000
189.200000
189.600000
192.100000
188.500000
188.600000
189.200000
