694.800000
146.200000
144.700000
130.800000
130.700000
131.000000
130.900000
130.600000
130.500000
130.300000
130.500000
130.600000
130.400000
130.300000
130.900000
130.800000
130.400000
130.700000
131.100000
130.400000
130.700000
130.300000
130.400000
130.500000
130.300000
130.200000
130.900000
130.400000
130.500000
130.300000
131.000000
130.800000
130.400000
130.200000
130.500000
130.600000
130.600000
130.400000
130.800000
130.600000
130.600000
130.400000
130.600000
131.000000
130.400000
130.600000
130.400000
130.200000
130.200000
131.000000
130.500000
130.500000
130.600000
130.600000
130.600000
130.900000
130.700000
131.100000
130.700000
130.700000
130.900000
130.900000
130.700000
130.800000
130.600000
130.700000
130.700000
131.000000
130.700000
130.900000
130.700000
130.700000
130.600000
130.700000
130.800000
131.000000
130.800000
130.900000
130.500000
130.900000
130.500000
130.800000
130.700000
130.800000
130.400000
130.900000
130.200000
130.900000
130.400000
130.500000
130.400000
130.600000
130.500000
130.500000
130.200000
130.900000
130.600000
130.400000
130.500000
130.500000
130.100000
130.300000
130.300000
130.300000
130.100000
130.100000
130.300000
130.300000
129.300000
129.200000
129.100000
129.600000
129.400000
129.200000
129.300000
129.100000
129.000000
129.500000
129.400000
129.300000
129.000000
129.000000
129.600000
129.400000
129.300000
129.400000
129.400000
129.300000
129.200000
129.300000
129.800000
129.000000
129.300000
129.400000
129.400000
129.300000
129.800000
129.600000
129.600000
129.300000
129.900000
129.600000
129.400000
129.300000
129.600000
129.200000
129.400000
129.200000
129.500000
129.300000
129.200000
129.400000
129.600000
129.600000
129.200000
129.000000
129.500000
129.700000
129.100000
129.500000
129.500000
129.800000
129.400000
129.400000
129.400000
129.300000
129.500000
129.400000
129.500000
129.500000
129.200000
129.500000
129.600000
129.400000
129.800000
129.500000
129.300000
129.600000
129.000000
129.500000
129.300000
129.600000
129.400000
129.800000
129.400000
129.600000
129.600000
129.500000
129.000000
129.100000
129.700000
129.400000
129.500000
129.500000
129.500000
129.400000
129.300000
129.400000
129.500000
129.300000
129.400000
129.000000
129.600000
129.200000
129.200000
129.400000
129.800000
129.200000
129.200000
129.100000
130.500000
130.000000
130.000000
130.100000
130.600000
130.100000
130.300000
130.100000
130.600000
129.900000
130.500000
130.400000
130.400000
130.500000
130.200000
130.300000
130.400000
130.400000
130.200000
130.400000
130.100000
130.700000
130.200000
130.300000
130.600000
130.200000
130.200000
130.200000
129.900000
130.000000
129.800000
129.800000
130.500000
129.300000
129.200000
129.100000
129.000000
129.400000
129.400000
129.200000
129.600000
128.900000
129.400000
129.200000
129.500000
129.600000
129.200000
129.200000
129.500000
129.000000
129.000000
129.500000
129.200000
129.900000
129.000000
129.400000
129.300000
129.100000
129.600000
129.800000
129.300000
129.700000
129.100000
129.500000
129.500000
129.400000
129.600000
129.500000
129.200000
129.800000
129.300000
129.900000
129.400000
129.500000
129.700000
130.300000
130.300000
130.900000
130.300000
130.800000
130.400000
130.800000
130.700000
130.300000
130.400000
130.600000
130.300000
130.600000
130.500000
130.700000
130.700000
130.600000
130.300000
130.800000
130.200000
130.600000
130.500000
130.100000
130.800000
130.100000
130.800000
130.400000
130.300000
130.700000
130.700000
130.000000
130.500000
130.300000
130.400000
130.400000
130.300000
130.400000
130.500000
130.400000
130.800000
130.100000
130.600000
130.400000
130.600000
130.800000
130.700000
130.300000
131.000000
130.400000
130.600000
131.000000
130.300000
130.900000
130.600000
130.100000
131.000000
130.300000
130.400000
130.500000
130.700000
130.800000
130.700000
130.300000
130.900000
130.400000
130.400000
130.700000
130.500000
130.900000
130.600000
130.400000
130.700000
130.200000
130.400000
130.500000
130.300000
130.700000
130.600000
130.600000
130.600000
130.700000
130.600000
130.600000
130.300000
130.500000
130.700000
130.200000
130.900000
130.300000
130.600000
130.400000
130.300000
130.600000
130.600000
130.100000
130.800000
130.500000
130.300000
130.600000
130.400000
130.500000
130.100000
130.100000
130.500000
129.400000
129.500000
129.300000
129.100000
129.600000
129.700000
129.300000
129.700000
129.300000
129.800000
129.500000
129.100000
130.000000
129.700000
129.200000
129.600000
129.200000
129.200000
130.000000
130.100000
130.700000
130.300000
130.500000
130.200000
130.800000
130.200000
130.800000
130.200000
130.900000
130.200000
130.100000
130.500000
130.500000
130.400000
130.300000
129.900000
130.700000
130.400000
130.100000
130.300000
129.500000
129.200000
129.600000
129.200000
129.800000
129.900000
129.000000
129.600000
129.300000
129.400000
129.500000
129.500000
129.600000
129.500000
129.500000
130.000000
129.700000
129.900000
129.800000
129.900000
130.500000
131.100000
131.200000
131.000000
130.700000
131.100000
131.000000
131.100000
131.100000
131.000000
130.700000
130.800000
130.200000
129.600000
129.400000
129.300000
129.600000
129.600000
129.500000
129.600000
129.200000
129.700000
129.500000
129.200000
129.500000
129.400000
129.500000
129.700000
129.200000
129.500000
129.000000
129.900000
129.500000
129.900000
129.800000
129.600000
129.500000
130.100000
129.700000
129.900000
129.800000
129.800000
129.800000
130.000000
130.100000
130.500000
130.500000
130.400000
130.800000
130.100000
130.500000
130.300000
130.400000
131.500000
131.300000
131.000000
131.300000
131.300000
131.400000
131.100000
131.300000
130.600000
130.800000
130.800000
130.600000
130.500000
131.100000
130.100000
130.700000
130.900000
131.000000
131.000000
131.400000
130.900000
130.300000
130.600000
130.400000
131.000000
130.700000
130.800000
131.000000
130.000000
129.800000
129.300000
129.800000
130.200000
129.800000
130.100000
131.200000
130.800000
131.200000
131.300000
131.600000
131.300000
131.400000
131.200000
131.500000
130.700000
131.600000
131.400000
131.500000
131.600000
131.800000
131.700000
132.000000
131.300000
132.400000
132.100000
131.600000
132.400000
131.100000
130.500000
131.600000
130.400000
131.100000
131.300000
130.800000
131.000000
131.100000
130.600000
131.600000
130.700000
130.900000
131.300000
130.500000
131.000000
131.000000
131.100000
131.400000
130.600000
131.200000
131.000000
130.500000
130.800000
130.600000
130.500000
131.200000
130.800000
130.700000
130.900000
130.500000
130.600000
130.800000
130.300000
130.900000
130.900000
130.900000
130.900000
130.300000
130.900000
130.800000
130.400000
130.800000
130.400000
130.300000
131.200000
130.500000
130.500000
130.900000
130.500000
130.900000
130.800000
130.300000
130.700000
130.600000
130.800000
130.700000
130.100000
130.600000
130.700000
130.500000
130.800000
130.500000
131.000000
130.700000
130.300000
130.500000
130.900000
130.400000
130.700000
130.600000
130.700000
130.800000
130.700000
130.800000
130.700000
130.100000
130.700000
130.500000
130.600000
130.700000
130.400000
130.600000
130.900000
130.400000
130.800000
130.300000
130.700000
131.000000
130.900000
131.000000
131.000000
130.400000
130.700000
130.500000
130.700000
130.600000
130.400000
131.000000
130.800000
130.600000
130.800000
130.500000
130.400000
130.500000
130.700000
130.900000
130.500000
130.400000
131.200000
130.500000
130.500000
130.700000
130.500000
130.800000
131.000000
130.600000
131.200000
130.700000
130.300000
130.800000
130.400000
130.600000
131.100000
130.600000
131.400000
131.300000
130.400000
131.200000
130.600000
131.000000
131.200000
130.600000
131.000000
131.200000
130.800000
131.300000
131.000000
131.000000
131.000000
130.700000
131.000000
131.200000
130.600000
131.000000
130.900000
130.700000
130.900000
130.800000
130.900000
131.200000
130.700000
130.800000
130.800000
131.000000
130.800000
131.100000
131.100000
130.800000
130.900000
130.900000
130.400000
131.200000
131.000000
130.900000
131.300000
131.200000
130.800000
131.100000
130.400000
130.900000
130.900000
130.600000
130.800000
131.000000
130.500000
131.000000
130.800000
130.900000
130.800000
131.300000
130.900000
130.900000
130.600000
130.900000
130.500000
130.800000
130.700000
130.500000
130.600000
130.700000
130.300000
130.400000
130.500000
130.100000
130.500000
129.900000
130.400000
130.500000
130.000000
130.500000
130.000000
130.100000
130.200000
129.600000
130.500000
130.000000
130.000000
130.000000
129.900000
130.200000
129.900000
129.600000
130.400000
129.800000
129.900000
130.000000
130.000000
129.800000
130.000000
130.200000
130.400000
130.300000
130.300000
130.000000
130.100000
129.900000
130.000000
129.600000
130.200000
129.600000
130.100000
129.900000
130.100000
129.900000
130.000000
129.900000
130.100000
129.500000
129.700000
129.800000
130.100000
130.000000
129.800000
129.600000
130.300000
130.100000
129.900000
129.600000
129.800000
130.000000
130.000000
129.600000
130.000000
129.700000
129.800000
129.600000
129.500000
129.400000
129.600000
129.600000
129.600000
129.600000
129.300000
129.700000
129.600000
129.600000
129.500000
129.400000
129.500000
129.800000
129.800000
129.600000
129.500000
129.800000
129.300000
129.900000
129.500000
129.800000
129.800000
129.600000
129.200000
130.200000
129.400000
129.900000
129.600000
129.600000
129.700000
129.300000
129.200000
129.600000
129.500000
129.900000
129.400000
129.800000
129.700000
129.300000
129.600000
129.400000
129.300000
129.800000
129.600000
129.700000
129.600000
129.400000
130.000000
129.800000
129.600000
130.000000
130.000000
130.100000
130.600000
130.100000
130.700000
130.700000
130.900000
130.700000
130.700000
131.600000
131.800000
131.500000
133.000000
132.500000
132.600000
132.300000
132.400000
132.200000
132.600000
131.800000
132.300000
131.500000
131.500000
131.200000
129.800000
129.700000
130.300000
129.700000
129.900000
129.900000
130.100000
129.700000
129.700000
129.700000
129.700000
129.900000
130.100000
130.000000
129.600000
130.100000
129.600000
129.900000
130.300000
129.500000
130.100000
129.700000
129.900000
129.900000
129.500000
129.700000
129.900000
129.500000
130.100000
129.800000
130.200000
130.400000
130.200000
130.200000
130.400000
130.100000
130.700000
130.700000
130.800000
131.300000
131.000000
131.800000
131.700000
131.600000
131.800000
131.500000
131.500000
132.200000
131.300000
131.200000
131.100000
130.700000
131.000000
131.100000
131.000000
131.100000
130.900000
130.000000
129.900000
129.800000
129.700000
129.500000
130.200000
129.700000
129.300000
129.800000
129.400000
129.900000
129.600000
129.500000
129.700000
129.700000
129.500000
129.900000
130.400000
130.600000
130.200000
130.800000
130.300000
130.300000
130.700000
130.700000
130.700000
130.700000
130.600000
130.800000
130.300000
130.600000
130.600000
130.800000
130.400000
130.100000
130.700000
130.500000
130.500000
130.600000
130.500000
130.900000
130.800000
130.900000
130.800000
130.900000
131.000000
131.200000
131.100000
131.300000
131.000000
130.700000
130.300000
130.800000
130.500000
130.200000
130.200000
130.700000
130.400000
130.300000
130.300000
130.500000
130.500000
129.700000
129.800000
129.500000
129.500000
129.500000
129.900000
129.900000
129.600000
129.500000
129.600000
129.700000
129.800000
129.800000
129.800000
129.800000
129.800000
129.400000
130.600000
130.400000
130.600000
130.100000
130.200000
130.500000
130.400000
130.600000
130.700000
130.700000
130.500000
130.600000
130.700000
130.400000
130.300000
130.500000
130.800000
130.600000
130.700000
130.200000
130.600000
130.900000
130.700000
130.300000
130.500000
130.900000
130.400000
130.300000
130.600000
130.500000
130.900000
130.400000
130.600000
130.500000
130.500000
130.200000
130.600000
130.400000
130.300000
130.100000
130.200000
130.200000
130.300000
130.400000
130.400000
130.400000
130.400000
130.700000
130.800000
130.700000
130.500000
130.500000
130.800000
131.200000
130.500000
130.800000
130.500000
130.700000
130.500000
130.500000
130.700000
130.700000
130.300000
130.700000
130.100000
130.800000
130.500000
130.400000
130.600000
131.100000
130.200000
130.500000
130.400000
130.600000
130.800000
130.000000
130.400000
130.600000
130.300000
130.300000
130.300000
129.700000
129.300000
129.600000
129.200000
129.500000
129.400000
129.900000
129.300000
129.600000
129.200000
129.700000
129.400000
129.400000
130.100000
130.500000
130.300000
130.500000
130.300000
130.400000
130.300000
130.100000
130.600000
130.700000
130.200000
130.200000
130.600000
130.300000
130.700000
130.500000
130.700000
130.500000
130.300000
130.000000
130.500000
130.600000
130.700000
130.400000
130.300000
130.500000
130.600000
130.300000
131.300000
130.800000
130.400000
130.600000
129.300000
