278.300000
105.400000
106.000000
89.700000
76.900000
73.700000
73.500000
73.600000
73.900000
74.300000
73.700000
73.700000
73.600000
73.700000
73.600000
73.600000
73.700000
73.400000
73.500000
73.800000
73.700000
73.500000
73.300000
73.300000
73.500000
73.600000
73.400000
73.500000
73.500000
73.600000
73.600000
73.800000
73.500000
73.500000
73.600000
74.000000
73.500000
73.600000
73.700000
73.700000
73.800000
73.700000
73.700000
73.400000
73.600000
73.900000
73.400000
73.500000
73.300000
73.800000
73.600000
73.600000
73.500000
73.900000
73.800000
73.500000
73.600000
73.600000
73.600000
73.700000
73.500000
73.700000
73.500000
74.000000
73.700000
73.700000
73.900000
73.800000
73.600000
73.700000
73.800000
73.300000
73.500000
73.300000
73.600000
73.600000
73.500000
73.500000
73.600000
73.700000
73.700000
73.400000
73.400000
73.500000
73.600000
73.700000
73.500000
73.400000
73.400000
73.400000
73.300000
73.400000
73.600000
73.600000
73.300000
73.200000
73.500000
73.500000
73.400000
73.500000
73.200000
73.200000
73.300000
73.100000
73.100000
73.200000
73.100000
73.000000
72.000000
72.100000
72.000000
72.100000
72.000000
72.100000
72.200000
72.200000
72.100000
72.200000
72.100000
72.100000
72.100000
72.200000
72.200000
72.200000
72.100000
72.200000
72.100000
72.200000
72.100000
72.100000
72.300000
72.300000
72.300000
72.200000
72.200000
72.000000
72.100000
72.300000
72.300000
72.200000
72.200000
72.200000
72.100000
72.100000
72.100000
72.000000
72.100000
72.200000
72.300000
72.200000
72.000000
72.000000
72.200000
72.200000
72.200000
72.200000
72.100000
72.200000
72.200000
72.100000
72.100000
72.100000
72.100000
72.200000
72.100000
72.100000
72.100000
72.000000
72.100000
72.100000
72.200000
72.300000
72.100000
72.200000
72.200000
72.100000
72.100000
72.100000
72.100000
72.200000
72.200000
72.200000
72.000000
72.200000
72.100000
72.200000
72.200000
72.100000
72.100000
72.100000
72.200000
72.100000
72.200000
72.100000
72.100000
72.100000
72.100000
72.200000
72.000000
72.100000
72.300000
72.400000
72.200000
72.300000
72.200000
72.200000
72.200000
72.200000
72.100000
72.100000
73.400000
73.300000
73.200000
73.400000
73.200000
73.500000
73.200000
73.200000
73.300000
73.400000
73.200000
73.100000
73.300000
73.100000
73.200000
73.300000
73.200000
73.100000
73.200000
73.300000
73.100000
73.200000
73.100000
73.200000
73.200000
73.200000
73.200000
73.200000
73.100000
73.300000
73.200000
73.000000
73.200000
72.100000
72.000000
71.900000
72.000000
71.900000
72.100000
72.200000
72.200000
72.000000
72.100000
72.100000
72.100000
72.100000
72.200000
72.000000
72.100000
72.100000
72.200000
72.200000
72.100000
71.900000
72.100000
72.100000
72.200000
72.200000
72.000000
72.100000
72.100000
72.400000
72.000000
72.000000
72.000000
72.000000
72.200000
72.000000
72.100000
72.100000
72.100000
72.100000
72.300000
72.100000
72.000000
73.200000
73.300000
73.100000
73.200000
73.200000
73.300000
73.200000
73.200000
73.200000
73.400000
73.500000
73.300000
73.400000
73.300000
73.300000
73.400000
73.400000
73.200000
73.300000
73.200000
73.400000
73.300000
73.400000
73.300000
73.500000
73.400000
73.200000
73.100000
73.200000
73.300000
73.200000
73.500000
73.200000
73.100000
73.300000
73.500000
73.300000
73.400000
73.100000
73.200000
73.600000
73.600000
73.500000
73.400000
73.300000
73.700000
73.300000
73.200000
73.400000
73.300000
73.300000
73.300000
73.400000
73.200000
73.200000
73.300000
73.400000
73.300000
73.100000
73.600000
73.400000
73.500000
73.500000
73.200000
73.500000
73.400000
73.100000
73.000000
73.000000
73.400000
73.400000
73.500000
73.400000
73.100000
73.300000
73.400000
73.400000
73.300000
73.100000
73.000000
73.400000
73.200000
73.200000
73.300000
73.100000
73.100000
73.500000
74.000000
73.300000
73.000000
73.100000
73.300000
73.300000
73.200000
73.100000
73.200000
73.400000
73.200000
73.100000
73.400000
73.100000
73.400000
73.300000
73.200000
72.400000
72.100000
72.000000
72.100000
72.100000
72.100000
72.100000
72.000000
72.100000
72.200000
72.200000
72.000000
72.000000
72.100000
72.100000
72.200000
72.200000
72.000000
72.000000
73.500000
73.300000
73.400000
73.400000
73.500000
73.300000
73.200000
73.500000
73.300000
73.400000
73.300000
73.200000
73.000000
73.000000
73.300000
72.900000
73.100000
73.200000
73.100000
73.100000
73.000000
72.100000
71.900000
72.200000
72.000000
72.100000
72.200000
72.200000
72.100000
72.100000
72.000000
72.000000
72.200000
72.300000
72.400000
72.300000
72.100000
72.100000
72.600000
72.500000
72.500000
72.600000
74.100000
73.700000
74.100000
73.500000
73.600000
73.800000
73.700000
73.700000
73.400000
73.700000
73.600000
73.400000
72.100000
72.100000
72.100000
72.100000
72.200000
72.200000
72.200000
72.100000
72.000000
72.000000
72.000000
72.200000
72.000000
71.900000
72.000000
72.200000
72.100000
72.100000
72.200000
72.100000
72.100000
72.100000
72.200000
72.300000
72.100000
72.100000
72.400000
72.300000
72.500000
72.600000
72.700000
72.600000
72.400000
72.800000
72.800000
72.800000
72.800000
72.400000
72.600000
72.900000
74.100000
74.100000
74.000000
74.200000
73.900000
73.900000
73.900000
74.000000
73.900000
73.400000
73.600000
73.700000
73.500000
73.700000
73.400000
73.600000
73.700000
74.000000
73.800000
73.600000
73.900000
73.600000
73.900000
73.600000
73.600000
73.800000
73.300000
73.700000
73.400000
72.300000
72.400000
72.300000
72.600000
72.100000
72.300000
73.900000
73.600000
73.700000
73.900000
74.100000
73.900000
74.000000
73.900000
74.000000
74.100000
73.900000
74.000000
74.200000
73.900000
74.100000
74.300000
74.000000
74.200000
74.500000
74.200000
74.300000
74.300000
73.400000
73.000000
73.100000
73.100000
73.200000
73.200000
73.500000
73.200000
73.100000
73.100000
73.100000
73.400000
73.300000
73.100000
73.100000
73.000000
73.300000
73.200000
73.200000
73.300000
73.300000
73.200000
73.500000
73.000000
72.900000
73.000000
72.900000
73.000000
73.200000
72.900000
73.100000
72.900000
73.000000
73.000000
73.000000
73.100000
73.100000
73.200000
73.000000
73.000000
73.000000
73.000000
73.100000
72.900000
72.700000
72.900000
73.000000
72.900000
73.100000
72.900000
72.900000
73.100000
73.100000
73.000000
73.000000
72.800000
73.000000
72.900000
72.900000
72.900000
72.900000
72.900000
73.100000
73.000000
72.900000
72.900000
73.000000
73.200000
73.100000
73.200000
73.200000
72.900000
73.000000
73.000000
73.000000
73.000000
72.900000
72.800000
73.100000
73.100000
73.000000
72.900000
72.800000
73.100000
73.000000
73.100000
73.000000
73.000000
73.100000
73.100000
72.900000
73.100000
73.000000
72.900000
72.800000
73.000000
72.900000
72.900000
73.000000
73.000000
72.900000
73.100000
73.100000
72.900000
72.900000
73.100000
73.100000
73.100000
73.000000
72.900000
73.100000
73.000000
73.200000
73.000000
73.000000
73.000000
73.100000
73.200000
73.300000
73.200000
73.100000
73.200000
73.000000
73.200000
73.200000
73.000000
73.100000
73.300000
73.100000
73.100000
73.000000
73.100000
73.200000
73.400000
73.200000
73.200000
73.200000
73.200000
73.000000
73.000000
73.100000
73.000000
73.200000
73.100000
73.000000
73.000000
73.000000
73.100000
73.200000
73.200000
73.100000
73.000000
73.200000
73.000000
73.200000
73.000000
73.100000
73.000000
73.100000
73.000000
73.300000
72.900000
73.100000
73.100000
73.200000
73.200000
73.100000
73.100000
72.900000
73.100000
73.000000
73.100000
73.100000
73.000000
73.100000
73.100000
73.100000
73.100000
73.200000
73.100000
73.300000
73.200000
73.100000
72.900000
72.800000
72.800000
72.700000
72.700000
73.100000
72.900000
73.000000
72.700000
72.700000
73.000000
72.700000
72.700000
72.700000
72.700000
72.500000
72.700000
72.300000
72.500000
72.800000
72.700000
72.500000
72.300000
72.400000
72.600000
72.400000
72.400000
72.500000
72.300000
72.400000
72.500000
72.500000
72.300000
72.200000
72.300000
72.400000
72.400000
72.500000
72.300000
72.600000
72.600000
72.500000
72.500000
72.500000
72.400000
72.400000
72.500000
72.500000
72.200000
72.200000
72.300000
72.300000
72.200000
72.300000
72.100000
72.400000
72.300000
72.300000
72.300000
72.300000
72.200000
72.200000
72.400000
72.400000
72.200000
72.200000
72.200000
72.300000
72.100000
72.400000
72.300000
72.200000
72.200000
72.200000
72.100000
72.000000
72.100000
72.200000
72.200000
72.200000
72.100000
72.000000
72.200000
72.000000
72.200000
72.200000
72.000000
72.100000
72.200000
72.300000
72.200000
72.000000
72.100000
72.400000
72.100000
72.300000
72.000000
72.200000
72.100000
72.200000
72.100000
72.100000
72.000000
72.100000
72.000000
72.100000
72.100000
72.000000
72.300000
72.200000
72.100000
72.200000
72.000000
72.100000
72.300000
72.000000
72.300000
72.200000
72.000000
72.100000
72.000000
72.200000
72.100000
72.300000
72.200000
72.300000
72.400000
72.800000
72.800000
73.100000
73.200000
72.900000
73.100000
73.200000
73.600000
73.900000
74.000000
74.200000
74.900000
75.100000
74.900000
74.900000
74.800000
74.900000
74.800000
74.300000
74.400000
74.100000
74.100000
74.100000
72.600000
72.800000
72.500000
72.300000
72.300000
72.500000
72.300000
72.200000
72.000000
72.400000
72.200000
72.100000
72.400000
72.300000
72.400000
72.000000
72.300000
72.200000
72.100000
72.200000
72.000000
72.000000
72.100000
72.200000
72.100000
72.200000
72.200000
72.200000
72.100000
72.500000
72.500000
72.600000
72.600000
72.600000
72.700000
72.800000
72.900000
73.000000
73.100000
73.500000
73.200000
74.800000
74.500000
74.600000
74.400000
74.600000
74.800000
74.400000
74.000000
74.100000
74.100000
73.400000
73.800000
73.900000
73.900000
73.900000
73.900000
72.600000
72.300000
72.300000
72.100000
72.300000
73.700000
72.100000
72.200000
72.200000
72.200000
72.100000
72.100000
72.300000
72.300000
72.400000
72.200000
72.200000
73.500000
73.100000
73.300000
73.200000
73.300000
73.300000
73.400000
73.400000
73.400000
73.600000
73.700000
73.400000
73.700000
73.600000
73.100000
73.300000
73.600000
73.500000
73.300000
73.500000
73.400000
73.100000
73.300000
73.700000
73.700000
73.400000
73.700000
74.000000
74.100000
74.200000
73.900000
74.000000
73.900000
73.800000
73.600000
73.900000
73.700000
73.300000
73.300000
73.600000
73.600000
73.200000
73.000000
73.200000
73.500000
72.500000
72.200000
72.000000
72.200000
72.100000
72.200000
72.200000
72.200000
72.100000
72.000000
72.200000
72.300000
72.100000
72.100000
72.100000
72.100000
72.200000
73.000000
73.200000
73.100000
73.600000
73.300000
73.300000
73.500000
73.300000
73.300000
73.500000
73.300000
73.300000
73.300000
73.400000
73.500000
73.400000
73.500000
73.300000
73.300000
73.200000
73.400000
73.400000
73.400000
73.500000
73.400000
73.600000
73.400000
73.500000
73.400000
73.500000
73.500000
73.400000
73.300000
73.400000
73.200000
73.200000
73.200000
73.400000
73.200000
73.100000
73.300000
73.200000
73.200000
73.500000
73.300000
73.400000
73.500000
73.500000
73.500000
73.600000
73.300000
73.800000
73.800000
73.900000
73.700000
73.700000
73.300000
73.300000
73.200000
73.500000
73.500000
73.500000
73.300000
73.100000
73.200000
73.400000
73.400000
73.200000
73.200000
73.400000
73.200000
73.300000
73.400000
73.300000
73.300000
73.200000
73.300000
73.300000
73.200000
73.200000
73.100000
72.000000
72.100000
72.000000
72.100000
72.300000
72.300000
72.100000
72.200000
72.200000
72.100000
72.300000
72.100000
72.100000
73.400000
73.200000
73.300000
73.300000
73.300000
73.300000
73.200000
73.100000
73.400000
73.400000
73.300000
73.200000
73.300000
73.500000
73.600000
73.800000
73.400000
73.400000
73.200000
73.400000
73.400000
73.100000
73.200000
73.200000
73.400000
73.400000
73.500000
73.300000
73.200000
73.400000
73.600000
73.500000
72.300000
