307.400000
240.000000
177.900000
170.300000
170.400000
169.400000
169.600000
169.400000
169.700000
169.400000
169.300000
169.600000
169.400000
169.900000
169.700000
169.400000
169.200000
169.400000
169.600000
169.600000
169.700000
168.900000
169.100000
168.800000
169.600000
169.200000
169.300000
169.400000
169.400000
169.100000
169.700000
169.300000
169.700000
169.700000
169.600000
169.300000
170.000000
169.100000
169.100000
169.300000
169.100000
169.100000
169.200000
170.100000
169.000000
169.400000
169.800000
169.200000
169.100000
169.400000
169.200000
170.100000
169.400000
169.000000
169.700000
169.400000
169.700000
169.700000
169.400000
169.200000
169.600000
169.700000
169.000000
169.400000
169.700000
169.400000
169.200000
169.900000
169.500000
169.200000
169.400000
169.100000
169.500000
169.100000
169.200000
168.900000
169.200000
169.900000
168.900000
169.200000
169.000000
169.800000
169.100000
169.300000
169.300000
168.700000
168.700000
168.500000
168.800000
169.100000
168.700000
169.000000
168.900000
169.000000
168.400000
169.200000
168.900000
169.200000
168.700000
168.900000
168.400000
169.300000
168.400000
168.400000
168.600000
168.400000
169.400000
168.500000
167.900000
167.300000
167.500000
167.600000
167.600000
167.900000
167.900000
168.000000
167.700000
167.800000
167.900000
167.700000
167.800000
167.500000
167.300000
167.200000
168.000000
167.200000
168.300000
167.500000
167.800000
167.600000
167.700000
167.700000
167.800000
167.900000
167.400000
167.800000
169.000000
168.500000
167.600000
168.000000
167.800000
167.800000
167.900000
167.500000
167.600000
168.000000
167.700000
168.600000
167.700000
167.500000
167.800000
168.600000
168.200000
167.900000
167.800000
167.600000
168.100000
167.600000
167.900000
167.900000
168.300000
167.500000
167.600000
167.900000
168.100000
167.600000
167.500000
168.100000
168.300000
167.500000
168.100000
168.000000
168.200000
167.900000
167.700000
167.700000
167.700000
168.100000
168.300000
167.800000
168.600000
167.800000
167.500000
167.900000
168.200000
168.100000
167.600000
167.900000
168.000000
168.200000
168.200000
167.400000
167.800000
167.300000
168.000000
167.500000
168.300000
168.100000
168.600000
167.800000
167.700000
167.900000
167.500000
167.800000
167.900000
167.800000
167.400000
168.400000
167.300000
167.800000
169.100000
168.500000
169.600000
169.000000
169.200000
168.600000
168.600000
168.700000
169.000000
169.200000
169.200000
168.600000
168.600000
168.700000
168.700000
169.800000
168.500000
168.600000
168.800000
168.500000
168.400000
168.500000
168.700000
168.500000
168.300000
169.100000
169.100000
168.500000
168.200000
168.800000
169.200000
168.500000
168.700000
167.800000
167.100000
167.000000
167.200000
167.200000
167.300000
167.700000
167.500000
167.800000
167.700000
167.300000
168.100000
167.900000
167.200000
167.500000
167.300000
167.200000
167.500000
167.500000
167.700000
168.200000
167.400000
168.200000
167.600000
167.600000
167.800000
168.600000
168.000000
167.800000
167.900000
168.400000
168.100000
167.300000
168.000000
167.900000
167.600000
168.100000
167.400000
167.800000
167.900000
167.700000
168.100000
169.300000
168.800000
169.000000
169.000000
168.400000
169.000000
168.900000
168.400000
168.800000
170.400000
169.000000
169.400000
169.400000
168.800000
169.400000
168.900000
169.400000
169.100000
169.400000
168.700000
169.000000
169.300000
168.400000
169.900000
168.500000
169.000000
169.100000
169.100000
168.300000
168.800000
168.500000
169.000000
168.700000
168.600000
169.800000
169.300000
169.200000
169.500000
169.400000
168.700000
169.300000
168.900000
168.900000
169.000000
169.100000
168.900000
168.500000
169.200000
169.300000
170.700000
169.400000
168.700000
168.900000
169.000000
168.900000
169.100000
169.200000
169.000000
168.700000
169.300000
169.500000
169.300000
169.100000
169.300000
169.400000
169.200000
169.300000
169.600000
169.400000
168.500000
169.000000
169.100000
168.800000
169.100000
168.700000
169.100000
168.700000
169.100000
169.200000
168.900000
169.100000
168.600000
169.100000
168.900000
169.200000
169.600000
169.200000
169.500000
169.000000
168.900000
168.900000
169.400000
168.600000
169.000000
168.900000
169.000000
169.100000
168.600000
169.600000
168.700000
169.900000
168.900000
169.100000
169.300000
168.100000
168.000000
167.900000
167.600000
167.900000
167.700000
167.800000
168.300000
167.600000
167.500000
168.200000
167.900000
167.900000
167.200000
167.500000
168.000000
168.000000
168.200000
168.400000
169.700000
168.800000
168.500000
169.000000
169.100000
168.700000
168.900000
168.700000
169.100000
169.200000
169.000000
169.400000
170.100000
168.700000
168.600000
169.100000
168.400000
168.300000
169.500000
169.300000
168.900000
168.100000
168.200000
168.000000
168.000000
167.600000
167.500000
167.500000
168.100000
167.700000
167.500000
168.100000
167.400000
167.700000
167.800000
167.200000
167.600000
168.000000
167.800000
168.000000
168.400000
167.900000
169.200000
169.200000
169.100000
169.300000
169.900000
169.200000
169.300000
169.100000
169.200000
169.600000
169.400000
170.500000
168.200000
167.300000
167.500000
167.400000
168.100000
167.900000
168.300000
168.000000
167.600000
168.200000
167.600000
167.200000
167.900000
168.100000
168.000000
168.100000
167.700000
167.700000
167.700000
167.600000
168.400000
168.100000
167.900000
168.600000
167.800000
167.800000
168.300000
168.800000
167.800000
169.000000
169.000000
168.300000
168.300000
168.400000
168.800000
168.200000
168.400000
168.500000
168.500000
168.700000
169.800000
170.300000
170.200000
169.900000
170.500000
169.400000
169.800000
169.800000
169.400000
169.200000
169.500000
169.300000
168.900000
169.700000
169.000000
169.100000
169.300000
169.000000
169.900000
169.300000
170.000000
170.000000
169.900000
169.400000
169.100000
169.900000
168.800000
169.000000
169.000000
168.000000
168.000000
167.500000
168.400000
167.700000
167.500000
169.400000
169.900000
169.800000
169.800000
170.000000
169.200000
169.900000
170.200000
169.800000
169.900000
171.200000
171.600000
170.400000
169.700000
170.100000
170.000000
169.900000
170.100000
169.800000
170.100000
169.800000
170.000000
169.400000
169.400000
169.100000
169.100000
168.400000
168.300000
168.800000
169.000000
168.900000
169.300000
169.200000
168.500000
169.300000
169.400000
168.500000
168.800000
169.600000
168.200000
169.300000
169.900000
168.900000
168.600000
168.700000
168.700000
168.800000
168.600000
169.300000
169.100000
169.100000
168.400000
168.900000
168.700000
168.900000
168.800000
168.800000
168.900000
169.400000
168.700000
168.800000
169.800000
168.800000
169.000000
168.100000
169.300000
168.900000
168.700000
168.800000
168.500000
169.000000
168.600000
169.700000
169.000000
168.500000
168.500000
169.200000
168.500000
168.800000
169.100000
168.900000
168.500000
168.900000
169.000000
168.500000
168.600000
168.400000
169.600000
169.200000
169.600000
169.200000
168.500000
168.800000
168.700000
168.900000
168.600000
168.900000
168.600000
168.300000
168.500000
168.500000
168.200000
169.200000
169.300000
168.500000
168.900000
168.800000
168.400000
168.800000
169.600000
170.200000
169.100000
168.300000
168.600000
168.800000
168.000000
168.300000
168.500000
168.200000
168.700000
168.500000
168.400000
169.200000
168.400000
168.400000
168.500000
168.900000
168.500000
168.700000
168.700000
169.000000
168.900000
168.200000
168.500000
169.100000
168.500000
169.500000
169.400000
168.900000
169.100000
168.800000
168.800000
168.900000
168.900000
168.800000
168.500000
168.600000
168.700000
168.500000
168.800000
168.400000
168.400000
168.600000
169.900000
168.800000
168.800000
169.000000
169.000000
168.700000
169.300000
168.400000
169.400000
169.000000
169.000000
168.600000
169.100000
168.700000
169.200000
168.700000
169.100000
168.500000
169.300000
168.700000
169.100000
168.700000
169.000000
169.000000
169.300000
168.900000
169.000000
169.000000
169.200000
169.600000
169.100000
168.700000
169.500000
168.300000
168.600000
168.700000
169.200000
168.800000
168.700000
168.700000
168.700000
168.900000
168.700000
168.500000
169.500000
169.000000
168.700000
168.600000
168.700000
168.800000
169.000000
169.000000
169.300000
169.200000
168.900000
169.300000
168.500000
168.400000
168.500000
168.400000
168.000000
168.500000
168.600000
168.300000
168.100000
168.500000
167.900000
168.500000
168.600000
168.400000
168.500000
168.500000
168.600000
168.100000
168.400000
168.400000
168.300000
168.500000
169.400000
168.400000
169.100000
168.500000
168.300000
168.800000
168.600000
168.900000
168.200000
168.700000
168.500000
168.800000
168.200000
169.100000
168.200000
168.200000
167.800000
168.200000
168.300000
168.300000
169.100000
168.100000
169.000000
168.100000
168.200000
168.500000
167.900000
167.900000
168.400000
168.300000
168.100000
168.400000
168.500000
167.900000
168.400000
168.100000
168.100000
167.900000
167.600000
167.600000
167.900000
168.100000
168.100000
169.000000
168.500000
168.400000
168.600000
167.600000
167.800000
167.900000
167.900000
168.700000
167.700000
168.200000
168.100000
167.800000
168.000000
167.700000
168.100000
168.000000
168.100000
168.000000
167.900000
168.100000
168.500000
167.700000
168.400000
167.800000
168.000000
168.400000
167.700000
168.200000
167.800000
168.300000
167.700000
168.200000
168.300000
168.400000
168.500000
167.700000
168.000000
168.000000
168.100000
168.100000
167.800000
168.100000
168.400000
167.800000
168.100000
167.800000
168.000000
168.300000
168.000000
168.600000
167.500000
167.600000
168.400000
168.000000
168.100000
168.600000
168.300000
168.800000
168.500000
168.900000
169.000000
169.200000
168.500000
168.800000
169.400000
169.400000
169.800000
169.600000
170.700000
170.900000
170.700000
171.100000
171.300000
171.800000
170.600000
170.200000
170.200000
170.100000
170.100000
169.200000
167.800000
168.100000
168.200000
167.800000
168.200000
168.700000
167.700000
167.700000
167.300000
168.400000
168.200000
168.400000
168.000000
167.800000
168.300000
168.000000
168.100000
168.100000
168.700000
167.800000
168.200000
167.900000
167.900000
168.100000
168.000000
170.000000
168.800000
168.200000
168.300000
168.000000
168.600000
168.600000
168.700000
168.500000
168.100000
168.300000
168.500000
168.600000
169.500000
168.900000
169.100000
170.800000
170.200000
169.900000
170.700000
169.800000
171.700000
170.000000
169.500000
169.700000
170.300000
169.300000
168.900000
169.400000
169.300000
169.200000
169.400000
168.500000
168.900000
168.100000
167.600000
167.600000
169.200000
167.500000
167.900000
167.600000
167.400000
167.900000
168.200000
167.300000
167.700000
168.200000
168.000000
168.000000
169.200000
169.200000
169.100000
169.200000
168.900000
169.400000
168.800000
169.200000
169.200000
169.200000
169.300000
169.400000
168.700000
168.800000
169.000000
169.700000
169.300000
169.600000
169.400000
169.100000
169.600000
169.100000
169.600000
168.900000
169.800000
169.100000
169.500000
169.400000
169.400000
169.100000
169.500000
169.500000
169.600000
169.700000
170.000000
169.500000
168.900000
168.800000
168.500000
169.000000
169.400000
169.200000
169.300000
169.500000
168.800000
167.600000
168.200000
168.200000
167.300000
167.800000
167.600000
167.900000
168.100000
168.300000
167.700000
167.900000
168.000000
167.600000
168.100000
167.800000
168.400000
167.900000
169.200000
169.500000
169.200000
169.100000
169.000000
169.100000
169.400000
168.900000
169.200000
169.200000
169.200000
168.800000
169.000000
169.000000
168.800000
168.900000
169.000000
169.700000
169.100000
169.400000
168.700000
169.400000
169.200000
169.600000
168.900000
168.800000
169.100000
169.000000
168.900000
168.900000
169.000000
168.900000
168.800000
168.500000
169.200000
168.800000
168.900000
169.500000
169.100000
169.200000
168.900000
169.000000
169.100000
169.600000
169.200000
168.800000
169.400000
168.900000
169.000000
169.200000
169.500000
169.000000
170.100000
169.200000
169.400000
169.900000
169.100000
169.000000
168.900000
169.300000
169.200000
169.200000
169.100000
168.600000
169.000000
169.100000
168.900000
168.900000
168.600000
169.700000
169.300000
168.800000
169.200000
168.800000
169.400000
169.000000
169.000000
168.800000
169.100000
168.600000
168.900000
167.900000
168.100000
167.800000
167.500000
168.000000
168.000000
168.500000
167.700000
167.700000
167.600000
167.700000
168.000000
167.900000
169.800000
169.300000
169.200000
169.800000
169.100000
168.900000
169.400000
169.200000
170.000000
169.500000
169.100000
169.300000
169.100000
169.700000
169.300000
168.900000
169.400000
169.200000
169.500000
169.000000
168.900000
169.100000
169.000000
169.300000
169.300000
168.800000
169.100000
168.700000
169.300000
169.500000
168.600000
168.800000
167.900000
