189.700000
179.300000
158.900000
149.300000
159.000000
157.600000
156.600000
155.400000
155.500000
157.200000
155.800000
154.300000
161.100000
154.200000
153.100000
151.800000
151.500000
153.400000
153.200000
151.800000
149.200000
149.300000
149.700000
146.900000
150.300000
150.700000
151.500000
150.500000
149.700000
150.200000
150.900000
151.000000
151.700000
151.800000
152.600000
151.800000
152.100000
151.700000
151.100000
150.900000
153.300000
151.500000
152.600000
150.800000
151.500000
152.100000
151.400000
150.800000
151.100000
152.100000
152.300000
153.000000
153.600000
153.200000
154.700000
153.400000
155.700000
153.600000
153.100000
155.200000
155.000000
153.300000
152.700000
153.300000
153.500000
151.500000
153.600000
154.700000
154.300000
153.500000
153.100000
153.200000
153.200000
152.700000
152.500000
152.600000
150.900000
153.500000
151.800000
154.300000
152.300000
151.000000
150.900000
150.200000
148.400000
149.000000
149.800000
150.200000
149.400000
148.300000
147.600000
146.500000
146.900000
147.500000
146.900000
147.500000
148.200000
147.700000
146.800000
146.100000
145.300000
144.900000
142.500000
143.100000
142.300000
142.200000
134.400000
135.500000
135.500000
135.200000
134.000000
133.700000
133.400000
133.800000
133.900000
134.700000
134.000000
134.400000
133.700000
134.100000
134.100000
134.200000
134.200000
134.100000
133.400000
133.900000
134.300000
133.800000
134.200000
134.700000
135.500000
136.100000
137.300000
136.500000
137.700000
139.000000
139.100000
139.500000
138.900000
140.000000
139.700000
142.200000
141.400000
138.400000
139.000000
137.900000
137.900000
139.300000
139.100000
137.800000
136.400000
138.500000
138.400000
138.900000
140.100000
140.700000
140.000000
138.400000
136.800000
138.600000
140.600000
139.300000
139.700000
138.300000
137.600000
139.100000
139.400000
138.800000
138.500000
138.500000
137.600000
138.300000
139.200000
138.900000
137.600000
137.500000
137.000000
137.600000
138.000000
138.600000
138.900000
139.200000
137.700000
138.600000
139.900000
139.100000
138.800000
139.600000
138.300000
138.400000
138.300000
138.500000
139.200000
138.700000
136.300000
137.400000
137.700000
138.100000
138.400000
138.200000
139.200000
137.400000
139.200000
138.500000
138.700000
139.500000
139.300000
140.900000
139.500000
144.800000
145.200000
146.200000
146.100000
146.700000
145.800000
146.600000
147.200000
145.100000
145.900000
147.200000
148.500000
147.500000
147.100000
146.600000
145.600000
147.500000
148.200000
147.300000
147.000000
146.200000
145.400000
144.000000
145.200000
146.800000
145.100000
144.800000
145.100000
144.100000
144.000000
143.900000
145.400000
147.100000
144.400000
142.900000
136.600000
136.000000
137.900000
136.400000
137.500000
136.500000
136.300000
136.200000
137.300000
136.600000
139.500000
136.800000
137.000000
136.500000
136.900000
136.200000
136.700000
137.500000
137.600000
136.800000
136.800000
136.200000
136.500000
136.600000
139.000000
138.000000
138.000000
136.800000
135.700000
136.900000
137.500000
137.800000
137.900000
137.400000
138.300000
136.700000
137.500000
137.500000
138.800000
137.100000
145.700000
144.200000
145.500000
146.700000
148.700000
148.900000
148.700000
148.400000
148.400000
149.500000
149.300000
149.900000
149.400000
148.900000
149.100000
149.600000
150.400000
149.900000
149.600000
149.400000
147.700000
147.600000
148.500000
148.600000
149.600000
147.800000
148.000000
147.700000
148.800000
149.300000
148.200000
147.100000
148.500000
148.200000
147.500000
148.900000
149.100000
149.700000
149.900000
148.100000
147.700000
148.500000
150.000000
149.700000
149.400000
149.100000
148.600000
149.100000
148.600000
147.700000
149.000000
150.000000
148.400000
147.400000
148.100000
149.400000
149.700000
149.200000
149.200000
148.300000
149.100000
148.700000
149.500000
149.700000
148.900000
147.900000
147.400000
146.800000
147.600000
148.700000
148.600000
148.100000
148.200000
147.500000
146.400000
147.100000
146.200000
146.700000
148.300000
148.100000
148.000000
147.000000
145.700000
145.100000
148.100000
149.800000
149.700000
149.500000
148.700000
148.700000
147.400000
147.200000
146.600000
148.000000
148.800000
147.100000
146.600000
147.500000
145.300000
145.600000
145.800000
145.300000
147.000000
145.700000
145.400000
140.400000
137.700000
138.800000
137.800000
138.000000
137.000000
137.600000
138.100000
137.800000
137.100000
137.800000
137.800000
137.900000
138.400000
138.300000
140.200000
139.800000
139.000000
140.200000
148.700000
146.300000
146.800000
147.800000
146.600000
148.700000
149.200000
148.300000
147.400000
147.500000
146.900000
145.900000
143.400000
144.800000
144.900000
145.300000
143.500000
143.700000
142.700000
142.500000
142.800000
135.200000
135.800000
136.000000
135.600000
137.400000
135.100000
135.500000
134.600000
134.800000
136.600000
137.900000
138.700000
139.500000
140.700000
141.200000
142.000000
143.000000
145.000000
146.700000
148.600000
158.000000
159.200000
158.500000
157.800000
155.500000
156.400000
157.200000
156.800000
153.700000
156.400000
155.800000
151.100000
146.100000
138.400000
136.700000
137.800000
137.400000
138.900000
135.400000
134.800000
135.200000
136.900000
136.600000
134.900000
134.800000
134.000000
134.700000
134.600000
135.100000
135.300000
135.900000
135.000000
136.100000
136.500000
137.500000
139.800000
140.300000
139.900000
140.900000
140.600000
143.200000
144.200000
145.400000
146.600000
149.300000
151.400000
153.300000
153.700000
154.300000
156.600000
155.200000
155.000000
163.300000
163.500000
164.300000
162.700000
159.600000
157.900000
156.500000
158.100000
158.900000
154.600000
150.500000
149.500000
146.300000
146.400000
148.000000
147.700000
147.800000
147.000000
147.400000
148.100000
148.200000
146.900000
145.900000
145.900000
144.500000
146.800000
144.800000
145.500000
144.400000
145.900000
141.100000
140.100000
140.700000
143.500000
142.400000
144.900000
152.000000
152.400000
154.400000
154.700000
156.200000
156.600000
157.600000
157.800000
157.600000
158.700000
158.700000
161.100000
162.300000
162.900000
165.400000
169.100000
168.900000
166.500000
169.400000
168.900000
166.300000
163.300000
163.800000
166.400000
162.900000
163.500000
162.700000
167.500000
166.600000
166.600000
167.700000
167.300000
167.700000
166.400000
164.700000
167.300000
166.900000
167.100000
167.300000
166.300000
167.500000
167.300000
167.100000
168.600000
167.500000
165.100000
165.200000
164.400000
164.100000
161.700000
162.600000
162.800000
161.300000
161.900000
160.200000
160.300000
160.400000
158.500000
159.100000
159.700000
159.400000
159.100000
159.900000
158.800000
159.700000
159.600000
160.400000
158.100000
160.200000
158.700000
160.200000
159.100000
158.000000
158.400000
159.100000
158.700000
158.500000
156.200000
158.300000
158.900000
158.700000
158.700000
160.700000
159.600000
160.600000
159.300000
158.000000
160.000000
159.100000
160.300000
161.400000
160.300000
158.000000
157.800000
160.000000
159.000000
160.400000
159.400000
156.800000
156.600000
156.500000
156.800000
156.400000
157.600000
157.700000
156.300000
157.600000
157.200000
156.700000
157.400000
156.200000
156.100000
156.300000
158.300000
159.700000
157.400000
156.900000
158.400000
158.300000
158.700000
157.900000
158.500000
158.500000
157.600000
159.100000
158.500000
156.700000
157.600000
157.400000
159.400000
160.400000
161.400000
159.700000
160.000000
160.700000
159.800000
160.000000
159.800000
166.400000
162.500000
170.300000
170.900000
166.900000
160.400000
160.500000
162.200000
162.100000
162.000000
163.500000
164.300000
162.000000
163.200000
161.800000
162.100000
162.200000
162.800000
162.900000
171.600000
170.300000
170.800000
170.800000
171.300000
170.300000
170.000000
171.600000
170.900000
170.300000
172.200000
163.400000
162.000000
160.100000
161.100000
161.300000
161.100000
162.500000
161.900000
161.100000
161.700000
162.400000
161.900000
162.200000
162.600000
161.600000
162.700000
161.200000
164.800000
163.800000
163.100000
163.000000
163.500000
159.000000
159.300000
162.500000
160.100000
161.600000
160.400000
162.200000
161.700000
162.400000
161.800000
160.900000
158.700000
159.800000
159.500000
159.500000
156.500000
159.400000
159.700000
158.700000
158.500000
157.900000
156.400000
156.300000
154.300000
155.100000
154.000000
153.300000
153.000000
152.500000
150.900000
151.100000
149.800000
149.600000
150.100000
150.300000
150.400000
151.400000
149.300000
148.800000
149.600000
151.000000
149.700000
149.100000
149.400000
148.300000
148.800000
148.800000
149.400000
150.300000
149.900000
149.200000
150.300000
149.400000
149.900000
148.500000
148.500000
149.900000
149.200000
146.600000
144.700000
147.000000
146.500000
145.700000
144.200000
145.000000
144.200000
145.200000
142.900000
145.900000
143.900000
144.600000
143.900000
146.200000
144.200000
142.000000
144.400000
141.800000
144.900000
143.700000
143.400000
145.200000
144.900000
148.000000
144.800000
145.800000
146.600000
144.700000
143.100000
141.600000
140.700000
141.100000
140.000000
141.400000
141.100000
142.300000
141.500000
140.500000
139.800000
139.700000
140.100000
140.500000
140.800000
141.600000
140.900000
141.000000
140.400000
138.200000
138.900000
138.400000
138.400000
137.600000
138.200000
138.200000
138.800000
138.700000
137.500000
138.000000
137.600000
137.800000
137.600000
137.600000
137.500000
138.700000
137.300000
137.500000
137.300000
137.700000
138.000000
139.100000
140.900000
139.800000
140.200000
139.300000
139.600000
140.400000
140.300000
141.000000
141.700000
143.600000
145.700000
145.600000
149.800000
150.900000
152.300000
154.100000
158.200000
160.100000
163.900000
167.000000
170.700000
176.100000
182.600000
180.400000
181.900000
182.700000
178.300000
176.600000
174.200000
173.600000
172.400000
177.800000
174.800000
163.100000
156.400000
152.700000
149.700000
147.100000
147.100000
147.700000
147.900000
146.500000
143.500000
142.600000
142.700000
144.000000
144.100000
144.300000
144.800000
144.300000
143.800000
143.800000
143.200000
143.100000
143.400000
143.500000
141.500000
139.600000
140.400000
140.600000
141.100000
140.100000
140.400000
141.600000
141.700000
144.400000
147.000000
148.800000
147.600000
148.700000
150.000000
151.500000
154.500000
159.900000
161.500000
164.700000
165.700000
167.400000
167.700000
169.200000
171.600000
172.500000
176.400000
174.800000
169.000000
164.200000
157.400000
155.000000
157.200000
157.500000
157.500000
156.600000
155.700000
146.000000
145.000000
144.900000
141.200000
140.600000
148.000000
140.100000
140.300000
140.000000
140.100000
139.800000
140.400000
140.000000
141.200000
141.900000
142.300000
141.100000
141.900000
148.500000
147.100000
146.800000
146.800000
147.000000
149.500000
150.000000
150.200000
153.000000
154.000000
151.200000
150.500000
150.200000
148.900000
149.900000
149.000000
149.500000
149.000000
148.400000
149.200000
150.200000
152.500000
153.200000
155.000000
147.300000
148.900000
149.300000
151.400000
154.900000
164.900000
168.500000
162.000000
157.000000
153.300000
151.300000
151.300000
149.900000
149.600000
148.800000
150.300000
147.300000
146.100000
146.000000
147.200000
141.800000
142.500000
142.300000
141.400000
141.100000
140.500000
140.700000
140.000000
140.300000
140.700000
140.500000
141.900000
141.100000
141.300000
140.700000
139.900000
140.300000
147.500000
148.600000
149.000000
146.400000
148.300000
147.900000
149.600000
149.700000
150.400000
149.100000
149.300000
150.100000
148.100000
149.400000
149.900000
149.400000
150.800000
149.500000
148.600000
148.500000
148.300000
149.900000
150.600000
150.100000
150.200000
150.400000
149.200000
148.200000
150.400000
150.600000
148.700000
150.100000
149.300000
147.200000
148.700000
148.800000
149.300000
149.300000
148.000000
146.600000
146.100000
147.500000
147.400000
147.700000
149.400000
149.900000
148.500000
151.700000
153.400000
153.200000
152.600000
154.700000
157.300000
162.200000
158.500000
151.200000
149.100000
148.800000
149.400000
147.200000
147.900000
147.800000
147.200000
146.900000
147.200000
146.500000
147.300000
148.700000
147.900000
146.500000
146.000000
146.000000
146.700000
147.500000
145.100000
146.300000
145.700000
144.200000
145.000000
146.900000
146.100000
139.000000
137.900000
137.900000
137.400000
137.700000
138.400000
137.700000
138.700000
137.600000
138.500000
138.400000
139.700000
138.500000
137.700000
139.500000
147.600000
146.300000
146.400000
147.200000
147.200000
147.300000
148.400000
148.700000
150.600000
148.400000
149.300000
150.200000
152.400000
153.100000
150.800000
151.000000
151.300000
151.700000
152.800000
153.400000
154.100000
153.500000
152.900000
152.900000
154.000000
154.700000
156.000000
156.100000
152.000000
152.400000
141.500000
